../resource/c415eaa05263be7c30b30932b8757af97b59962118ccaad9412b173b8f9fb375