OrganisationURI,OrganisationLabel,SiteReference,SiteNameAddress,GeoX,GeoY,SiteplanURL,Hectares,OwnershipStatus,HazardousSubstances,PlanningStatus,PermissionType,PermissionDate,PlanningHistory,NetDwellingsRangeFrom,NetDwellingsRangeTo,Deliverable,Notes,FirstAddedDate,LastUpdatedDate,EndDate
http://opendatacommunities.org/id/district-council/eden,Eden District Council,17/EAM/0001,"Land at Beacon Farm, Eamont Bridge",-2.744401,54.652448,http://eforms.eden.gov.uk/fastweb_upload/2009%20Planning%20Applications/09-0098/0098-Site-Plan.pdf,1.91,not owned by a public authority,,permissioned,outline planning permission,2009-07-24,http://eforms.eden.gov.uk/fastweb/detail.asp?AltRef=08/0447&ApplicationNumber=08%2F0447&AddressPrefix=&Postcode=&Submit=Search │ http://eforms.eden.gov.uk/fastweb/detail.asp?AltRef=09/0098&ApplicationNumber=09%2F0098&AddressPrefix=&Postcode=&Submit=Search │ http://eforms.eden.gov.uk/fastweb/detail.asp?AltRef=11/0446&ApplicationNumber=11%2F0446&AddressPrefix=&Postcode=&Submit=Search │ http://eforms.eden.gov.uk/fastweb/detail.asp?AltRef=13/0514&ApplicationNumber=13%2F0514&AddressPrefix=&Postcode=&Submit=Search │ http://eforms.eden.gov.uk/fastweb/detail.asp?AltRef=15/0095&ApplicationNumber=15%2F0095&AddressPrefix=&Postcode=&Submit=Search,,,yes,,,,
http://opendatacommunities.org/id/district-council/eden,Eden District Council,17/EAM/0002,"Park Holme, Eamont Bridge",-2.739887,54.649699,http://eforms.eden.gov.uk/fastweb_upload/2014%20Planning%20Applications/14-0151/0151-Site-Location-Plan.pdf,0.35,not owned by a public authority,,permissioned,full planning permission,2014-07-15,http://eforms.eden.gov.uk/fastweb/detail.asp?AltRef=09/0440&ApplicationNumber=09%2F0440&AddressPrefix=&Postcode=&Submit=Search │ http://eforms.eden.gov.uk/fastweb/detail.asp?AltRef=09/0820&ApplicationNumber=09%2F0820&AddressPrefix=&Postcode=&Submit=Search │ http://eforms.eden.gov.uk/fastweb/detail.asp?AltRef=10/0900&ApplicationNumber=10%2F0900&AddressPrefix=&Postcode=&Submit=Search │ http://eforms.eden.gov.uk/fastweb/detail.asp?AltRef=14/0151&ApplicationNumber=14%2F0151&AddressPrefix=&Postcode=&Submit=Search │ http://eforms.eden.gov.uk/fastweb/detail.asp?AltRef=17/0384&ApplicationNumber=17%2F0384&AddressPrefix=&Postcode=&Submit=Search │ http://eforms.eden.gov.uk/fastweb/detail.asp?AltRef=07/0388&ApplicationNumber=07%2F0388&AddressPrefix=&Postcode=&Submit=Search,,,yes,,,,
http://opendatacommunities.org/id/district-council/eden,Eden District Council,17/LSA/0003,"Former Thompsons Board Mill, Little Salkeld",-2.674538,54.711784,http://eforms.eden.gov.uk/fastweb_upload/2014%20Planning%20Applications/14-0354/0354-Location%20Plan%20-%20fmr%20Thompsons%20Board%20Paper%20Mill%20Little%20Salkeld.pdf,1.83,not owned by a public authority,,permissioned,outline planning permission,2004-07-23,http://eforms.eden.gov.uk/fastweb/detail.asp?AltRef=14/0354&ApplicationNumber=14%2F0354&AddressPrefix=&Postcode=&Submit=Search │ http://eforms.eden.gov.uk/fastweb/detail.asp?AltRef=17/0602&ApplicationNumber=17%2F0602&AddressPrefix=&Postcode=&Submit=Search,,,yes,,,,
http://opendatacommunities.org/id/district-council/eden,Eden District Council,17/PEN/0004,"Former site of BBC Club, West Lane, Penrith",-2.754516,54.66219,http://eforms.eden.gov.uk/fastweb_upload/2014%20Planning%20Applications/14-0836/0836-Location-Plan.pdf,0.09,owned by a public authority,,permissioned,full planning permission,2014-12-11,http://eforms.eden.gov.uk/fastweb/detail.asp?AltRef=14/0836&ApplicationNumber=14%2F0836&AddressPrefix=&Postcode=&Submit=Search │ http://eforms.eden.gov.uk/fastweb/detail.asp?AltRef=17/0142&ApplicationNumber=17%2F0142&AddressPrefix=&Postcode=&Submit=Search │ http://eforms.eden.gov.uk/fastweb/detail.asp?AltRef=17/0554&ApplicationNumber=17%2F0554&AddressPrefix=&Postcode=&Submit=Search,,,yes,,,,
http://opendatacommunities.org/id/district-council/eden,Eden District Council,17/PEN/0005,"14a Carleton Road, Penrith",-2.74416,54.661311,http://eforms.eden.gov.uk/fastweb_upload/2014%20Planning%20Applications/14-0922/0922-Site-Plan.pdf,0.05,not owned by a public authority,,permissioned,full planning permission,2015-03-05,http://eforms.eden.gov.uk/fastweb/detail.asp?AltRef=04/0280&ApplicationNumber=04%2F0280&AddressPrefix=&Postcode=&Submit=Search │ http://eforms.eden.gov.uk/fastweb/detail.asp?AltRef=14/0922&ApplicationNumber=14%2F0922&AddressPrefix=&Postcode=&Submit=Search,,,yes,,,,
http://opendatacommunities.org/id/district-council/eden,Eden District Council,17/PEN/0006,"White Horse, Great Dockray, Penrith",-2.752632,54.66258,http://eforms.eden.gov.uk/fastweb_upload/2015%20Planning%20Applications/15-0682/14-32-PL-100A%20Location%20Plan%201-1250%20A4.pdf,0.02,not owned by a public authority,,permissioned,full planning permission,2016-01-28,http://eforms.eden.gov.uk/fastweb/detail.asp?AltRef=15/0682&ApplicationNumber=15%2F0682&AddressPrefix=&Postcode=&Submit=Search │ http://eforms.eden.gov.uk/fastweb/detail.asp?AltRef=15/0683&ApplicationNumber=15%2F0683&AddressPrefix=&Postcode=&Submit=Search,,,yes,,,,
http://opendatacommunities.org/id/district-council/eden,Eden District Council,17/PEN/0007,"4 Corney Square, Penrith",-2.754051,54.666399,http://eforms.eden.gov.uk/fastweb_upload/2015%20Planning%20Applications/15-0870/0870-Location-Plan.pdf,0.01,not owned by a public authority,,permissioned,full planning permission,2016-06-22,http://eforms.eden.gov.uk/fastweb/detail.asp?AltRef=15/0870&ApplicationNumber=15%2F0870&AddressPrefix=&Postcode=&Submit=Search │ http://eforms.eden.gov.uk/fastweb/detail.asp?AltRef=16/0994&ApplicationNumber=16%2F0994&AddressPrefix=&Postcode=&Submit=Search,,,yes,,,,
http://opendatacommunities.org/id/district-council/eden,Eden District Council,17/PEN/0008,"Brent Road, Penrith",-2.740814,54.668296,http://eforms.eden.gov.uk/fastweb_upload/2015%20Planning%20Applications/15-1168/1168-SiteLocationPlan.pdf,0.2,owned by a public authority,,permissioned,full planning permission,2016-08-04,http://eforms.eden.gov.uk/fastweb/detail.asp?AltRef=15/1168&ApplicationNumber=15%2F1168&AddressPrefix=&Postcode=&Submit=Search │ http://eforms.eden.gov.uk/fastweb/detail.asp?AltRef=16/1094&ApplicationNumber=16%2F1094&AddressPrefix=&Postcode=&Submit=Search,,,yes,,,,
http://opendatacommunities.org/id/district-council/eden,Eden District Council,17/GSA/0009,"Townhead Farm, Great Salkeld",-2.698593,54.725092,http://eforms.eden.gov.uk/fastweb_upload/2014%20Planning%20Applications/14-1079/1079-Site-Plan.pdf,0.4,owned by a public authority,,permissioned,outline planning permission,2016-10-12,http://eforms.eden.gov.uk/fastweb/detail.asp?AltRef=14/1079&ApplicationNumber=14%2F1079&AddressPrefix=&Postcode=&Submit=Search │ http://eforms.eden.gov.uk/fastweb/detail.asp?AltRef=17/0209&ApplicationNumber=17%2F0209&AddressPrefix=&Postcode=&Submit=Search │ http://eforms.eden.gov.uk/fastweb/detail.asp?AltRef=17/0211&ApplicationNumber=17%2F0211&AddressPrefix=&Postcode=&Submit=Search │ http://eforms.eden.gov.uk/fastweb/detail.asp?AltRef=17/0790&ApplicationNumber=17%2F0790&AddressPrefix=&Postcode=&Submit=Search │ http://eforms.eden.gov.uk/fastweb/detail.asp?AltRef=17/0894&ApplicationNumber=17%2F0894&AddressPrefix=&Postcode=&Submit=Search,,,yes,,,,
http://opendatacommunities.org/id/district-council/eden,Eden District Council,17/BOL/0010,"Croft House, South End, Bolton",-2.561646,54.602478,http://eforms.eden.gov.uk/fastweb_upload/2015%20Planning%20Applications/15-0562/0562-Location_Plan.pdf,0.16,not owned by a public authority,,permissioned,full planning permission,2016-06-09,http://eforms.eden.gov.uk/fastweb/detail.asp?AltRef=05/0189&ApplicationNumber=05%2F0189&AddressPrefix=&Postcode=&Submit=Search │ http://eforms.eden.gov.uk/fastweb/detail.asp?AltRef=15/0562&ApplicationNumber=15%2F0562&AddressPrefix=&Postcode=&Submit=Search,,,yes,,,,
http://opendatacommunities.org/id/district-council/eden,Eden District Council,17/PEN/0011,"William Street, Penrith",-2.753117,54.666198,http://eforms.eden.gov.uk/fastweb_upload/2016%20Planning%20Applications/16-0933/16-0933-Location%20Plan.pdf,0.12,not owned by a public authority,,permissioned,full planning permission,2017-02-17,http://eforms.eden.gov.uk/fastweb/detail.asp?AltRef=16/0933&ApplicationNumber=16%2F0933&AddressPrefix=&Postcode=&Submit=Search,,,yes,,,,
http://opendatacommunities.org/id/district-council/eden,Eden District Council,17/PEN/0012,"Former car park, Brentfield Way, Penrith",-2.74815,54.665852,http://eforms.eden.gov.uk/fastweb_upload/2016%20Planning%20Applications/16-0950/16-0950-Location%20Plan.pdf,0.14,not owned by a public authority,,permissioned,full planning permission,2017-02-22,http://eforms.eden.gov.uk/fastweb/detail.asp?AltRef=16/0739&ApplicationNumber=16%2F0739&AddressPrefix=&Postcode=&Submit=Search │  http://eforms.eden.gov.uk/fastweb/detail.asp?AltRef=16/0950&ApplicationNumber=16%2F0950&AddressPrefix=&Postcode=&Submit=Search │ http://eforms.eden.gov.uk/fastweb/detail.asp?AltRef=17/0158&ApplicationNumber=17%2F0158&AddressPrefix=&Postcode=&Submit=Search │ http://eforms.eden.gov.uk/fastweb/detail.asp?AltRef=17/0167&ApplicationNumber=17%2F0167&AddressPrefix=&Postcode=&Submit=Search,,,yes,,,,
http://opendatacommunities.org/id/district-council/eden,Eden District Council,17/PEN/0013,"Garage Roper Street, Penrith",-2.747595,54.661829,http://eforms.eden.gov.uk/fastweb_upload/2016%20Planning%20Applications/16-1071/16-1071-LocationPlan.pdf,0.1,not owned by a public authority,,permissioned,full planning permission,2017-03-16,http://eforms.eden.gov.uk/fastweb/detail.asp?AltRef=04/0949&ApplicationNumber=04%2F0949&AddressPrefix=&Postcode=&Submit=Search │ http://eforms.eden.gov.uk/fastweb/detail.asp?AltRef=05/1036&ApplicationNumber=05%2F1036&AddressPrefix=&Postcode=&Submit=Search │ http://eforms.eden.gov.uk/fastweb/detail.asp?AltRef=07/0188&ApplicationNumber=07%2F0188&AddressPrefix=&Postcode=&Submit=Search │ http://eforms.eden.gov.uk/fastweb/detail.asp?AltRef=09/0024&ApplicationNumber=09%2F0024&AddressPrefix=&Postcode=&Submit=Search │ http://eforms.eden.gov.uk/fastweb/detail.asp?AltRef=09/0100&ApplicationNumber=09%2F0100&AddressPrefix=&Postcode=&Submit=Search │ http://eforms.eden.gov.uk/fastweb/detail.asp?AltRef=16/0765&ApplicationNumber=16%2F0765&AddressPrefix=&Postcode=&Submit=Search │ http://eforms.eden.gov.uk/fastweb/detail.asp?AltRef=16/1071&ApplicationNumber=16%2F1071&AddressPrefix=&Postcode=&Submit=Search │ http://eforms.eden.gov.uk/fastweb/detail.asp?AltRef=17/0771&ApplicationNumber=17%2F0771&AddressPrefix=&Postcode=&Submit=Search,,,yes,,,,
http://opendatacommunities.org/id/district-council/eden,Eden District Council,17/GAS/0014,"Barn End, Great Asby",-2.49736,54.511111,http://eforms.eden.gov.uk/fastweb_upload/2015%20Planning%20Applications/15-0083/0083-Site-Plan.pdf,0.01,not owned by a public authority,,permissioned,full planning permission,2015-03-30,http://eforms.eden.gov.uk/fastweb/detail.asp?AltRef=04/1024&ApplicationNumber=04%2F1024&AddressPrefix=&Postcode=&Submit=Search │ http://eforms.eden.gov.uk/fastweb/detail.asp?AltRef=11/0117&ApplicationNumber=11%2F0117&AddressPrefix=&Postcode=&Submit=Search │ http://eforms.eden.gov.uk/fastweb/detail.asp?AltRef=15/0083&ApplicationNumber=15%2F0083&AddressPrefix=&Postcode=&Submit=Search,,,yes,,,,
http://opendatacommunities.org/id/district-council/eden,Eden District Council,17/PEN/0015,"33/34 Sandgate, Penrith",-2.75063,54.665,http://eforms.eden.gov.uk/fastweb_upload/2014%20Planning%20Applications/14-0547/0547-Location-Plan.pdf,0.008594,not owned by a public authority,,permissioned,other,2014-08-13,http://eforms.eden.gov.uk/fastweb/detail.asp?AltRef=14/0547&ApplicationNumber=14%2F0547&AddressPrefix=&Postcode=&Submit=Search │ http://eforms.eden.gov.uk/fastweb/detail.asp?AltRef=15/0268&ApplicationNumber=15%2F0268&AddressPrefix=&Postcode=&Submit=Search,,,yes,,,,
http://opendatacommunities.org/id/district-council/eden,Eden District Council,17/KST/0016,"Cerebus Printing Ltd, Fairview, Nateby Road, Kirkby Stephen",-2.347868,54.471381,http://eforms.eden.gov.uk/fastweb_upload/2014%20Planning%20Applications/14-0687/0687-Location-Plan.pdf,0.0033,not owned by a public authority,,permissioned,full planning permission,2014-09-29,http://eforms.eden.gov.uk/fastweb/detail.asp?AltRef=10/0200&ApplicationNumber=10%2F0200&AddressPrefix=&Postcode=&Submit=Search │ http://eforms.eden.gov.uk/fastweb/detail.asp?AltRef=10/0203&ApplicationNumber=10%2F0203&AddressPrefix=&Postcode=&Submit=Search │ http://eforms.eden.gov.uk/fastweb/detail.asp?AltRef=14/0687&ApplicationNumber=14%2F0687&AddressPrefix=&Postcode=&Submit=Search │ http://eforms.eden.gov.uk/fastweb/detail.asp?AltRef=15/0421&ApplicationNumber=15%2F0421&AddressPrefix=&Postcode=&Submit=Search,,,yes,,,,
http://opendatacommunities.org/id/district-council/eden,Eden District Council,17/KST/0017,"Methodist Church, Victoria Sq, Kirkby Stephen",-2.348498,54.471011,http://eforms.eden.gov.uk/fastweb_upload/2011%20Planning%20Applications/11-0971/0971-site-location-plan1.pdf,0.12,not owned by a public authority,,permissioned,full planning permission,2014-11-05,http://eforms.eden.gov.uk/fastweb/detail.asp?AltRef=11/0671&ApplicationNumber=11%2F0671&AddressPrefix=&Postcode=&Submit=Search │ http://eforms.eden.gov.uk/fastweb/detail.asp?AltRef=15/1056&ApplicationNumber=15%2F1056&AddressPrefix=&Postcode=&Submit=Search,,,yes,,,,
http://opendatacommunities.org/id/district-council/eden,Eden District Council,17/KST/0018,"30 Market Street, Kirkby Stephen",-2.349039,54.472933,http://eforms.eden.gov.uk/fastweb_upload/2014%20Planning%20Applications/14-1055/1055-Site-Location-Plan.pdf,0.044,not owned by a public authority,,permissioned,full planning permission,2015-02-16,http://eforms.eden.gov.uk/fastweb/detail.asp?AltRef=13/0632&ApplicationNumber=13%2F0632&AddressPrefix=&Postcode=&Submit=Search │ http://eforms.eden.gov.uk/fastweb/detail.asp?AltRef=13/0686&ApplicationNumber=13%2F0686&AddressPrefix=&Postcode=&Submit=Search │ http://eforms.eden.gov.uk/fastweb/detail.asp?AltRef=14/1055&ApplicationNumber=14%2F1055&AddressPrefix=&Postcode=&Submit=Search │ http://eforms.eden.gov.uk/fastweb/detail.asp?AltRef=14/1114&ApplicationNumber=14%2F1114&AddressPrefix=&Postcode=&Submit=Search,,,yes,,,,
http://opendatacommunities.org/id/district-council/eden,Eden District Council,17/GAS/0019,"Former Methodist Chapel, Catherine Holme, Great Asby",-2.486625,54.530558,http://eforms.eden.gov.uk/fastweb_upload/2014%20Planning%20Applications/14-0769/0769-location-plan.pdf,0.001,not owned by a public authority,,permissioned,full planning permission,2015-03-19,http://eforms.eden.gov.uk/fastweb/detail.asp?AltRef=14/0532&ApplicationNumber=14%2F0532&AddressPrefix=&Postcode=&Submit=Search │ http://eforms.eden.gov.uk/fastweb/detail.asp?AltRef=14/0769&ApplicationNumber=14%2F0769&AddressPrefix=&Postcode=&Submit=Search │ http://eforms.eden.gov.uk/fastweb/detail.asp?AltRef=17/0784&ApplicationNumber=17%2F0784&AddressPrefix=&Postcode=&Submit=Search,,,yes,,,,
http://opendatacommunities.org/id/district-council/eden,Eden District Council,17/ALS/0020,"School Hall, The Butts, Alston",-2.440136,54.813584,http://eforms.eden.gov.uk/fastweb_upload/2015%20Planning%20Applications/15-0011/0011-Site-Plan.pdf,0.03,not owned by a public authority,,permissioned,full planning permission,2015-03-05,http://eforms.eden.gov.uk/fastweb/detail.asp?AltRef=06/0032&ApplicationNumber=06%2F0032&AddressPrefix=&Postcode=&Submit=Search │ http://eforms.eden.gov.uk/fastweb/detail.asp?AltRef=15/0011&ApplicationNumber=15%2F0011&AddressPrefix=&Postcode=&Submit=Search,,,yes,,,,
http://opendatacommunities.org/id/district-council/eden,Eden District Council,17/ORT/0021,"Orton Liberal Club, Front Street, Orton",-2.584024,54.466822,http://eforms.eden.gov.uk/fastweb_upload/2014%20Planning%20Applications/14-0399/0399-Existing-Plans-and-Elevations.pdf,0.025,not owned by a public authority,,permissioned,full planning permission,2014-07-04,http://eforms.eden.gov.uk/fastweb/detail.asp?AltRef=14/0399&ApplicationNumber=14%2F0399&AddressPrefix=&Postcode=&Submit=Search │ http://eforms.eden.gov.uk/fastweb/detail.asp?AltRef=15/0670&ApplicationNumber=15%2F0670&AddressPrefix=&Postcode=&Submit=Search,,,yes,,,,
http://opendatacommunities.org/id/district-council/eden,Eden District Council,17/ORT/0022,"Combe Leigh, Orton",-2.581,54.46902,http://eforms.eden.gov.uk/fastweb_upload/2014%20Planning%20Applications/14-1085/1085-Location-Plan.pdf,0.007,not owned by a public authority,,permissioned,full planning permission,2015-02-16,http://eforms.eden.gov.uk/fastweb/detail.asp?AltRef=14/1085&ApplicationNumber=14%2F1085&AddressPrefix=&Postcode=&Submit=Search,,,yes,,,,
http://opendatacommunities.org/id/district-council/eden,Eden District Council,17/SHA/0023,"1st and 2nd Floors, Central Buildings, Main Street, Shap",-2.676906,54.529489,http://eforms.eden.gov.uk/fastweb_upload/2014%20Planning%20Applications/14-1083/1083-Plans.pdf,0.01,not owned by a public authority,,permissioned,other,2015-02-11,http://eforms.eden.gov.uk/fastweb/detail.asp?AltRef=12/0071&ApplicationNumber=12%2F0071&AddressPrefix=&Postcode=&Submit=Search │ http://eforms.eden.gov.uk/fastweb/detail.asp?AltRef=14/1083&ApplicationNumber=14%2F1083&AddressPrefix=&Postcode=&Submit=Search │ http://eforms.eden.gov.uk/fastweb/detail.asp?AltRef=14/1084&ApplicationNumber=14%2F1084&AddressPrefix=&Postcode=&Submit=Search,,,yes,,,,
http://opendatacommunities.org/id/district-council/eden,Eden District Council,17/AIN/0024,"Whinney House, Ainstable",-2.733861,54.809638,http://eforms.eden.gov.uk/fastweb_upload/2015%20Planning%20Applications/15-0245/0245-Site-Location-Plan.pdf,0.02,not owned by a public authority,,permissioned,full planning permission,2015-05-07,http://eforms.eden.gov.uk/fastweb/detail.asp?AltRef=15/0245&ApplicationNumber=15%2F0245&AddressPrefix=&Postcode=&Submit=Search,,,yes,,,,
http://opendatacommunities.org/id/district-council/eden,Eden District Council,17/PEN/0025,"Land at Elm Bank, Elm Terrace, Penrith",-2.755451,54.664144,http://eforms.eden.gov.uk/fastweb_upload/2015%20Planning%20Applications/15-0402/0402-Site-Plan.pdf,0.072,not owned by a public authority,,permissioned,full planning permission,2015-07-06,http://eforms.eden.gov.uk/fastweb/detail.asp?AltRef=15/0069&ApplicationNumber=15%2F0069&AddressPrefix=&Postcode=&Submit=Search │ http://eforms.eden.gov.uk/fastweb/detail.asp?AltRef=15/0402&ApplicationNumber=15%2F0402&AddressPrefix=&Postcode=&Submit=Search │ http://eforms.eden.gov.uk/fastweb/detail.asp?AltRef=16/1103&ApplicationNumber=16%2F1103&AddressPrefix=&Postcode=&Submit=Search,,,yes,,,,
http://opendatacommunities.org/id/district-council/eden,Eden District Council,17/APP/0026,"17 Doomgate, Appleby-in-Westmorland",-2.491814,54.576523,http://eforms.eden.gov.uk/fastweb_upload/2015%20Planning%20Applications/15-0497/0497-Location-paln.pdf,0.0179,not owned by a public authority,,permissioned,full planning permission,2015-07-27,http://eforms.eden.gov.uk/fastweb/detail.asp?AltRef=15/0246&ApplicationNumber=15%2F0246&AddressPrefix=&Postcode=&Submit=Search │ http://eforms.eden.gov.uk/fastweb/detail.asp?AltRef=15/0497&ApplicationNumber=15%2F0497&AddressPrefix=&Postcode=&Submit=Search │ http://eforms.eden.gov.uk/fastweb/detail.asp?AltRef=15/0500&ApplicationNumber=15%2F0500&AddressPrefix=&Postcode=&Submit=Search │ http://eforms.eden.gov.uk/fastweb/detail.asp?AltRef=15/1126&ApplicationNumber=15%2F1126&AddressPrefix=&Postcode=&Submit=Search,,,yes,,,,
http://opendatacommunities.org/id/district-council/eden,Eden District Council,17/PEN/0027,"21 Sandgate, Penrith",-2.749835,54.665608,http://eforms.eden.gov.uk/fastweb_upload/2015%20Planning%20Applications/15-1027/1027-Location-Plan.pdf,,not owned by a public authority,,permissioned,full planning permission,2016-01-14,http://eforms.eden.gov.uk/fastweb/detail.asp?AltRef=11/0698&ApplicationNumber=11%2F0698&AddressPrefix=&Postcode=&Submit=Search │ http://eforms.eden.gov.uk/fastweb/detail.asp?AltRef=15/1027&ApplicationNumber=15%2F1027&AddressPrefix=&Postcode=&Submit=Search │ http://eforms.eden.gov.uk/fastweb/detail.asp?AltRef=16/0529&ApplicationNumber=16%2F0529&AddressPrefix=&Postcode=&Submit=Search,,,yes,,,,
http://opendatacommunities.org/id/district-council/eden,Eden District Council,17/MEL/0028,"Land at Elseghyll, Rear of Elseghyll Court, Melmerby",-2.596312,54.728793,http://eforms.eden.gov.uk/fastweb_upload/2016%20Planning%20Applications/16-0017/1-1250%20LOCATION%20PLAN.pdf,0.06,not owned by a public authority,,permissioned,full planning permission,2016-05-04,http://eforms.eden.gov.uk/fastweb/detail.asp?AltRef=07/0115&ApplicationNumber=07%2F0115&AddressPrefix=&Postcode=&Submit=Search │ http://eforms.eden.gov.uk/fastweb/detail.asp?AltRef=16/0017&ApplicationNumber=16%2F0017&AddressPrefix=&Postcode=&Submit=Search │ http://eforms.eden.gov.uk/fastweb/detail.asp?AltRef=16/0695&ApplicationNumber=16%2F0695&AddressPrefix=&Postcode=&Submit=Search,,,yes,,,,
http://opendatacommunities.org/id/district-council/eden,Eden District Council,17/BOL/0029,"Eden Grove, Bolton",-2.56058,54.606033,http://eforms.eden.gov.uk/fastweb_upload/2015%20Planning%20Applications/15-0917/0917-SiteLocationPlan.pdf,0.1076,not owned by a public authority,,permissioned,full planning permission,2016-06-09,http://eforms.eden.gov.uk/fastweb/detail.asp?AltRef=07/0603&ApplicationNumber=07%2F0603&AddressPrefix=&Postcode=&Submit=Search │ http://eforms.eden.gov.uk/fastweb/detail.asp?AltRef=08/0288&ApplicationNumber=08%2F0288&AddressPrefix=&Postcode=&Submit=Search │ http://eforms.eden.gov.uk/fastweb/detail.asp?AltRef=10/0689&ApplicationNumber=10%2F0689&AddressPrefix=&Postcode=&Submit=Search │ http://eforms.eden.gov.uk/fastweb/detail.asp?AltRef=11/0400&ApplicationNumber=11%2F0400&AddressPrefix=&Postcode=&Submit=Search │ http://eforms.eden.gov.uk/fastweb/detail.asp?AltRef=15/0633&ApplicationNumber=15%2F0633&AddressPrefix=&Postcode=&Submit=Search │ http://eforms.eden.gov.uk/fastweb/detail.asp?AltRef=15/0728&ApplicationNumber=15%2F0728&AddressPrefix=&Postcode=&Submit=Search │ http://eforms.eden.gov.uk/fastweb/detail.asp?AltRef=15/0917&ApplicationNumber=15%2F0917&AddressPrefix=&Postcode=&Submit=Search,,,yes,,,,
http://opendatacommunities.org/id/district-council/eden,Eden District Council,17/PEN/0030,"26 Queen Street, Penrith",-2.753133,54.665371,http://eforms.eden.gov.uk/fastweb_upload/2016%20Planning%20Applications/16-0285/DCLOCP-16-0285-Location%20Plan.pdf,0.01725,not owned by a public authority,,permissioned,full planning permission,2016-06-09,http://eforms.eden.gov.uk/fastweb/detail.asp?AltRef=16/0266&ApplicationNumber=16%2F0266&AddressPrefix=&Postcode=&Submit=Search │ http://eforms.eden.gov.uk/fastweb/detail.asp?AltRef=16/0285&ApplicationNumber=16%2F0285&AddressPrefix=&Postcode=&Submit=Search │ http://eforms.eden.gov.uk/fastweb/detail.asp?AltRef=16/0308&ApplicationNumber=16%2F0308&AddressPrefix=&Postcode=&Submit=Search │ http://eforms.eden.gov.uk/fastweb/detail.asp?AltRef=17/0644&ApplicationNumber=17%2F0644&AddressPrefix=&Postcode=&Submit=Search │ http://eforms.eden.gov.uk/fastweb/detail.asp?AltRef=17/0645&ApplicationNumber=17%2F0645&AddressPrefix=&Postcode=&Submit=Search,,,yes,,,,
http://opendatacommunities.org/id/district-council/eden,Eden District Council,17/BOL/0031,"Eden Grove, Bolton",-2.56058,54.606033,http://eforms.eden.gov.uk/fastweb_upload/2015%20Planning%20Applications/15-0633/0633-P-01_Existing_Site_and_Location_Plan%20%20A1.pdf,0.2947,not owned by a public authority,,permissioned,full planning permission,2016-06-09,http://eforms.eden.gov.uk/fastweb/detail.asp?AltRef=07/0603&ApplicationNumber=07%2F0603&AddressPrefix=&Postcode=&Submit=Search │ http://eforms.eden.gov.uk/fastweb/detail.asp?AltRef=08/0288&ApplicationNumber=08%2F0288&AddressPrefix=&Postcode=&Submit=Search │ http://eforms.eden.gov.uk/fastweb/detail.asp?AltRef=10/0689&ApplicationNumber=10%2F0689&AddressPrefix=&Postcode=&Submit=Search │ http://eforms.eden.gov.uk/fastweb/detail.asp?AltRef=11/0400&ApplicationNumber=11%2F0400&AddressPrefix=&Postcode=&Submit=Search │ http://eforms.eden.gov.uk/fastweb/detail.asp?AltRef=15/0633&ApplicationNumber=15%2F0633&AddressPrefix=&Postcode=&Submit=Search │ http://eforms.eden.gov.uk/fastweb/detail.asp?AltRef=15/0728&ApplicationNumber=15%2F0728&AddressPrefix=&Postcode=&Submit=Search │ http://eforms.eden.gov.uk/fastweb/detail.asp?AltRef=15/0917&ApplicationNumber=15%2F0917&AddressPrefix=&Postcode=&Submit=Search,,,yes,,,,
http://opendatacommunities.org/id/district-council/eden,Eden District Council,17/PEN/0032,"3 Castlegate, Penrith",-2.754136,54.663415,http://eforms.eden.gov.uk/fastweb_upload/2015%20Planning%20Applications/15-1150/1150-site-loc-plan.pdf,0.0084,not owned by a public authority,,permissioned,full planning permission,2016-07-08,http://eforms.eden.gov.uk/fastweb/detail.asp?AltRef=14/0841&ApplicationNumber=14%2F0841&AddressPrefix=&Postcode=&Submit=Search │ http://eforms.eden.gov.uk/fastweb/detail.asp?AltRef=15/0212&ApplicationNumber=15%2F0212&AddressPrefix=&Postcode=&Submit=Search │ http://eforms.eden.gov.uk/fastweb/detail.asp?AltRef=15/1150&ApplicationNumber=15%2F1150&AddressPrefix=&Postcode=&Submit=Search │ http://eforms.eden.gov.uk/fastweb/detail.asp?AltRef=16/0925&ApplicationNumber=16%2F0925&AddressPrefix=&Postcode=&Submit=Search │ http://eforms.eden.gov.uk/fastweb/detail.asp?AltRef=16/1005&ApplicationNumber=16%2F1005&AddressPrefix=&Postcode=&Submit=Search,,,yes,,,,
http://opendatacommunities.org/id/district-council/eden,Eden District Council,17/GRE/0033,"Mayflower Cottage, Greystoke Gill",-2.853906,54.660057,http://eforms.eden.gov.uk/fastweb_upload/2016%20Planning%20Applications/16-0218/Site%20Location%20Plan.pdf,1.5,not owned by a public authority,,permissioned,full planning permission,2016-08-18,http://eforms.eden.gov.uk/fastweb/detail.asp?AltRef=08/0551&ApplicationNumber=08%2F0551&AddressPrefix=&Postcode=&Submit=Search │  http://eforms.eden.gov.uk/fastweb/detail.asp?AltRef=15/0218&ApplicationNumber=15%2F0218&AddressPrefix=&Postcode=&Submit=Search │ http://eforms.eden.gov.uk/fastweb/detail.asp?AltRef=17/0063&ApplicationNumber=17%2F0063&AddressPrefix=&Postcode=&Submit=Search,,,yes,,,,
http://opendatacommunities.org/id/district-council/eden,Eden District Council,17/STM/0034,"North Stainmore Methodist Church, North Stainmore",-2.255694,54.529074,http://eforms.eden.gov.uk/fastweb_upload/2015%20Planning%20Applications/15-0555/0555-Location_Map-A4.pdf,0.029,not owned by a public authority,,permissioned,full planning permission,2016-09-20,http://eforms.eden.gov.uk/fastweb/detail.asp?AltRef=15/0555&ApplicationNumber=15%2F0555&AddressPrefix=&Postcode=&Submit=Search,,,yes,,,,
http://opendatacommunities.org/id/district-council/eden,Eden District Council,17/ALS/0035,"Former Barclays Bank Chambers, Front Street, Alston",-2.438561,54.811882,http://eforms.eden.gov.uk/fastweb_upload/2016%20Planning%20Applications/16-0468/DCLOCP-16-0468-Location&Floor-PlansDA15023%20-%20Barclays%20Bank%20Chambers%20-%20002%20-%20Planning.pdf,0.01,not owned by a public authority,,permissioned,full planning permission,2016-09-15,http://eforms.eden.gov.uk/fastweb/detail.asp?AltRef=06/0563&ApplicationNumber=06%2F0563&AddressPrefix=&Postcode=&Submit=Search │ http://eforms.eden.gov.uk/fastweb/detail.asp?AltRef=09/0048&ApplicationNumber=09%2F0048&AddressPrefix=&Postcode=&Submit=Search │ http://eforms.eden.gov.uk/fastweb/detail.asp?AltRef=15/0391&ApplicationNumber=15%2F0391&AddressPrefix=&Postcode=&Submit=Search │ http://eforms.eden.gov.uk/fastweb/detail.asp?AltRef=16/0468&ApplicationNumber=16%2F0468&AddressPrefix=&Postcode=&Submit=Search,,,yes,,,,
http://opendatacommunities.org/id/district-council/eden,Eden District Council,17/BLW/0036,"Crown Inn, Blencow",-2.84873,54.687629,http://eforms.eden.gov.uk/fastweb_upload/2016%20Planning%20Applications/16-0717/160717-Site-Location-Plan.pdf,0.1,not owned by a public authority,,permissioned,full planning permission,2016-09-26,http://eforms.eden.gov.uk/fastweb/detail.asp?AltRef=12/0443&ApplicationNumber=12%2F0443&AddressPrefix=&Postcode=&Submit=Search  │ http://eforms.eden.gov.uk/fastweb/detail.asp?AltRef=13/0176&ApplicationNumber=13%2F0176&AddressPrefix=&Postcode=&Submit=Search │ http://eforms.eden.gov.uk/fastweb/detail.asp?AltRef=13/0177&ApplicationNumber=13%2F0177&AddressPrefix=&Postcode=&Submit=Search │ http://eforms.eden.gov.uk/fastweb/detail.asp?AltRef=16/0717&ApplicationNumber=16%2F0717&AddressPrefix=&Postcode=&Submit=Search │ http://eforms.eden.gov.uk/fastweb/detail.asp?AltRef=17/0900&ApplicationNumber=17%2F0900&AddressPrefix=&Postcode=&Submit=Search,,,yes,,,,
http://opendatacommunities.org/id/district-council/eden,Eden District Council,17/PLU/0037,"Plumpton Head, Plumpton",-2.774502,54.707143,http://eforms.eden.gov.uk/fastweb_upload/2016%20Planning%20Applications/16-0054/0054-Site%20Location%20Plan%20Barn%20B-D-E%201-1250%20A3.pdf,0.1532,not owned by a public authority,,permissioned,full planning permission,2016-10-04,http://eforms.eden.gov.uk/fastweb/detail.asp?AltRef=16/0054&ApplicationNumber=16%2F0054&AddressPrefix=&Postcode=&Submit=Search │ http://eforms.eden.gov.uk/fastweb/detail.asp?AltRef=16/0055&ApplicationNumber=16%2F0055&AddressPrefix=&Postcode=&Submit=Search,,,yes,,,,
http://opendatacommunities.org/id/district-council/eden,Eden District Council,17/PEN/0038,"Acorn Guest House, Scotland Road, Penrith",-2.759898,54.670649,http://eforms.eden.gov.uk/fastweb_upload/2016%20Planning%20Applications/16-0299/DCLOCP-160299-Loc-Plan.pdf,0.01,not owned by a public authority,,permissioned,full planning permission,2016-10-03,http://eforms.eden.gov.uk/fastweb/detail.asp?AltRef=13/0614&ApplicationNumber=13%2F0614&AddressPrefix=&Postcode=&Submit=Search │ http://eforms.eden.gov.uk/fastweb/detail.asp?AltRef=16/0299&ApplicationNumber=16%2F0299&AddressPrefix=&Postcode=&Submit=Search │ http://eforms.eden.gov.uk/fastweb/detail.asp?AltRef=17/0550&ApplicationNumber=17%2F0550&AddressPrefix=&Postcode=&Submit=Search,,,yes,,,,
http://opendatacommunities.org/id/district-council/eden,Eden District Council,17/KST/0039,"Potlands House, South Road, Kirkby Stephen",-2.354737,54.464513,http://eforms.eden.gov.uk/fastweb_upload/2016%20Planning%20Applications/16-0803/160803-Location-Plan.pdf,0.04,not owned by a public authority,,permissioned,full planning permission,2016-10-25,http://eforms.eden.gov.uk/fastweb/detail.asp?AltRef=10/0306&ApplicationNumber=10%2F0306&AddressPrefix=&Postcode=&Submit=Search │ http://eforms.eden.gov.uk/fastweb/detail.asp?AltRef=16/0803&ApplicationNumber=16%2F0803&AddressPrefix=&Postcode=&Submit=Search │ http://eforms.eden.gov.uk/fastweb/detail.asp?AltRef=17/0030&ApplicationNumber=17%2F0030&AddressPrefix=&Postcode=&Submit=Search │ http://eforms.eden.gov.uk/fastweb/detail.asp?AltRef=17/0075&ApplicationNumber=17%2F0075&AddressPrefix=&Postcode=&Submit=Search,,,yes,,,,
http://opendatacommunities.org/id/district-council/eden,Eden District Council,17/PEN/0040,"Garages adjacent to Sim Court House, Penrith",-2.742244,54.659984,http://eforms.eden.gov.uk/fastweb_upload/2016%20Planning%20Applications/16-0917/160917-Proposed%20Site%20Plan.pdf,0.03,not owned by a public authority,,permissioned,full planning permission,2016-12-09,http://eforms.eden.gov.uk/fastweb/detail.asp?AltRef=16/0917&ApplicationNumber=16%2F0917&AddressPrefix=&Postcode=&Submit=Search │ http://eforms.eden.gov.uk/fastweb/detail.asp?AltRef=17/0573&ApplicationNumber=17%2F0573&AddressPrefix=&Postcode=&Submit=Search,,,yes,,,,
http://opendatacommunities.org/id/district-council/eden,Eden District Council,17/PEN/0041,"Platinum Chinese restaurant, 19 King Street, Penrith",-2.7505,54.662979,http://eforms.eden.gov.uk/fastweb_upload/2016%20Planning%20Applications/16-0978/16-0978-Site%20Location%20Plan.pdf,0.02,not owned by a public authority,,permissioned,full planning permission,2016-12-22,http://eforms.eden.gov.uk/fastweb/detail.asp?AltRef=16/0450&ApplicationNumber=16%2F0450&AddressPrefix=&Postcode=&Submit=Search │ http://eforms.eden.gov.uk/fastweb/detail.asp?AltRef=16/0516&ApplicationNumber=16%2F0516&AddressPrefix=&Postcode=&Submit=Search │ http://eforms.eden.gov.uk/fastweb/detail.asp?AltRef=16/0978&ApplicationNumber=16%2F0978&AddressPrefix=&Postcode=&Submit=Search │ http://eforms.eden.gov.uk/fastweb/detail.asp?AltRef=16/0984&ApplicationNumber=16%2F0984&AddressPrefix=&Postcode=&Submit=Search │ http://eforms.eden.gov.uk/fastweb/detail.asp?AltRef=17/0623&ApplicationNumber=17%2F0623&AddressPrefix=&Postcode=&Submit=Search,,,yes,,,,
http://opendatacommunities.org/id/district-council/eden,Eden District Council,17/STA/0042,"Building land at The Mains, Stainton",-2.798472,54.645112,http://eforms.eden.gov.uk/fastweb_upload/2016%20Planning%20Applications/16-0970/16-0970-SiteAndLocationPlan.pdf,0.12,not owned by a public authority,,permissioned,full planning permission,2017-03-16,http://eforms.eden.gov.uk/fastweb/detail.asp?AltRef=04/0205&ApplicationNumber=04%2F0205&AddressPrefix=&Postcode=&Submit=Search │ http://eforms.eden.gov.uk/fastweb/detail.asp?AltRef=05/0006&ApplicationNumber=05%2F0006&AddressPrefix=&Postcode=&Submit=Search │ http://eforms.eden.gov.uk/fastweb/detail.asp?AltRef=08/0530&ApplicationNumber=08%2F0530&AddressPrefix=&Postcode=&Submit=Search │ http://eforms.eden.gov.uk/fastweb/detail.asp?AltRef=10/0253&ApplicationNumber=10%2F0253&AddressPrefix=&Postcode=&Submit=Search │ http://eforms.eden.gov.uk/fastweb/detail.asp?AltRef=10/0332&ApplicationNumber=10%2F0332&AddressPrefix=&Postcode=&Submit=Search │ http://eforms.eden.gov.uk/fastweb/detail.asp?AltRef=13/0337&ApplicationNumber=13%2F0337&AddressPrefix=&Postcode=&Submit=Search │ http://eforms.eden.gov.uk/fastweb/detail.asp?AltRef=15/0978&ApplicationNumber=15%2F0978&AddressPrefix=&Postcode=&Submit=Search │ http://eforms.eden.gov.uk/fastweb/detail.asp?AltRef=16/0969&ApplicationNumber=16%2F0969&AddressPrefix=&Postcode=&Submit=Search │ http://eforms.eden.gov.uk/fastweb/detail.asp?AltRef=16/0970&ApplicationNumber=16%2F0970&AddressPrefix=&Postcode=&Submit=Search,,,yes,,,,
http://opendatacommunities.org/id/district-council/eden,Eden District Council,17/BOL/0043,"Eden Grove, Bolton",-2.561799,54.605713,http://eforms.eden.gov.uk/fastweb_upload/2015%20Planning%20Applications/15-0728/PL-01%20Existing%20Site%20Location%20Plan.pdf,8.5,not owned by a public authority,,permissioned,full planning permission,2017-02-20,http://eforms.eden.gov.uk/fastweb/detail.asp?AltRef=07/0603&ApplicationNumber=07%2F0603&AddressPrefix=&Postcode=&Submit=Search │ http://eforms.eden.gov.uk/fastweb/detail.asp?AltRef=08/0288&ApplicationNumber=08%2F0288&AddressPrefix=&Postcode=&Submit=Search │ http://eforms.eden.gov.uk/fastweb/detail.asp?AltRef=10/0689&ApplicationNumber=10%2F0689&AddressPrefix=&Postcode=&Submit=Search │ http://eforms.eden.gov.uk/fastweb/detail.asp?AltRef=11/0400&ApplicationNumber=11%2F0400&AddressPrefix=&Postcode=&Submit=Search │ http://eforms.eden.gov.uk/fastweb/detail.asp?AltRef=15/0633&ApplicationNumber=15%2F0633&AddressPrefix=&Postcode=&Submit=Search │ http://eforms.eden.gov.uk/fastweb/detail.asp?AltRef=15/0728&ApplicationNumber=15%2F0728&AddressPrefix=&Postcode=&Submit=Search │ http://eforms.eden.gov.uk/fastweb/detail.asp?AltRef=15/0917&ApplicationNumber=15%2F0917&AddressPrefix=&Postcode=&Submit=Search,,,yes,,,,
http://opendatacommunities.org/id/district-council/eden,Eden District Council,17/HHE/0044,"Land at Old Town, High Hesket",-2.810747,54.785963,http://eforms.eden.gov.uk/fastweb_upload/2015%20Planning%20Applications/15-0841/2.%2012-47-PL110a%20Site%20Location%201-2500%20at%20A4.pdf,1.05,not owned by a public authority,,permissioned,outline planning permission,2017-08-23,http://eforms.eden.gov.uk/fastweb/detail.asp?AltRef=11/0853&ApplicationNumber=11%2F0853&AddressPrefix=&Postcode=&Submit=Search │ http://eforms.eden.gov.uk/fastweb/detail.asp?AltRef=15/0840&ApplicationNumber=15%2F0840&AddressPrefix=&Postcode=&Submit=Search │ http://eforms.eden.gov.uk/fastweb/detail.asp?AltRef=15/0841&ApplicationNumber=15%2F0841&AddressPrefix=&Postcode=&Submit=Search,,,yes,,,,
http://opendatacommunities.org/id/district-council/eden,Eden District Council,17/SOU/0045,"South Lodge, Southwaite",-2.788211,50.390501,http://eforms.eden.gov.uk/fastweb_upload/2015%20Planning%20Applications/15-0708/Existing%20Site%20Plan%20-%20uses.pdf,0.45,not owned by a public authority,,permissioned,outline planning permission,2015-12-17,http://eforms.eden.gov.uk/fastweb/detail.asp?AltRef=15/0708&ApplicationNumber=15%2F0708&AddressPrefix=&Postcode=&Submit=Search,,,yes,,,,
http://opendatacommunities.org/id/district-council/eden,Eden District Council,17/PEN/0046,"Armstrong and Fleming Garage, Roper Street, Penrith",-2.747707,54.661855,http://eforms.eden.gov.uk/fastweb_upload/2017%20Planning%20Applications/17-0771/17-0771-Site-Location-Plan.pdf,0.358307,not owned by a public authority,,pending decision,full planning permission,,http://eforms.eden.gov.uk/fastweb/detail.asp?AltRef=04/0949&ApplicationNumber=04%2F0949&AddressPrefix=&Postcode=&Submit=Search │ http://eforms.eden.gov.uk/fastweb/detail.asp?AltRef=05/1036&ApplicationNumber=05%2F1036&AddressPrefix=&Postcode=&Submit=Search │ http://eforms.eden.gov.uk/fastweb/detail.asp?AltRef=07/0188&ApplicationNumber=07%2F0188&AddressPrefix=&Postcode=&Submit=Search │ http://eforms.eden.gov.uk/fastweb/detail.asp?AltRef=07/0658&ApplicationNumber=07%2F0658&AddressPrefix=&Postcode=&Submit=Search │ http://eforms.eden.gov.uk/fastweb/detail.asp?AltRef=09/0024&ApplicationNumber=09%2F0024&AddressPrefix=&Postcode=&Submit=Search │ http://eforms.eden.gov.uk/fastweb/detail.asp?AltRef=09/0100&ApplicationNumber=09%2F0100&AddressPrefix=&Postcode=&Submit=Search │ http://eforms.eden.gov.uk/fastweb/detail.asp?AltRef=16/0765&ApplicationNumber=16%2F0765&AddressPrefix=&Postcode=&Submit=Search │ http://eforms.eden.gov.uk/fastweb/detail.asp?AltRef=16/1071&ApplicationNumber=16%2F1071&AddressPrefix=&Postcode=&Submit=Search │ http://eforms.eden.gov.uk/fastweb/detail.asp?AltRef=17/0771&ApplicationNumber=17%2F0771&AddressPrefix=&Postcode=&Submit=Search,,,yes,,,,
http://opendatacommunities.org/id/district-council/eden,Eden District Council,17/NEN/0047,"Wright Bros Garage, Nenthead",-2.343207,54.787945,http://my.eden.gov.uk/myeden.aspx?MapSource=EDC/MyMapsEden&SearchLayer=Brownfield_Sites&SearchField=alt_site_reference&SearchValue=17/NEN/0047,0.586,not owned by a public authority,,,,,http://eforms.eden.gov.uk/fastweb/detail.asp?AltRef=06/0696&ApplicationNumber=06%2F0696&AddressPrefix=&Postcode=&Submit=Search │ http://eforms.eden.gov.uk/fastweb/detail.asp?AltRef=10/1082&ApplicationNumber=10%2F1082&AddressPrefix=&Postcode=&Submit=Search │ http://eforms.eden.gov.uk/fastweb/detail.asp?AltRef=12/0599&ApplicationNumber=12%2F0599&AddressPrefix=&Postcode=&Submit=Search │  http://eforms.eden.gov.uk/fastweb/detail.asp?AltRef=16/0071&ApplicationNumber=16%2F0071&AddressPrefix=&Postcode=&Submit=Search │ http://eforms.eden.gov.uk/fastweb/detail.asp?AltRef=17/0179&ApplicationNumber=17%2F0179&AddressPrefix=&Postcode=&Submit=Search,,,yes,,,,
http://opendatacommunities.org/id/district-council/eden,Eden District Council,17/PEN/0048,"QEGS Annexe, Ullswater Road, Penrith",-2.757672,54.66059,http://my.eden.gov.uk/myeden.aspx?MapSource=EDC/MyMapsEden&SearchLayer=Brownfield_Sites&SearchField=alt_site_reference&SearchValue=17/PEN/0048,0.579,not owned by a public authority,,,,,,,,yes,,,,
http://opendatacommunities.org/id/district-council/eden,Eden District Council,17/ALS/0049,"Tyne Café and garage buildings, Alston",-2.441441,54.810784,http://my.eden.gov.uk/myeden.aspx?MapSource=EDC/MyMapsEden&SearchLayer=Brownfield_Sites&SearchField=alt_site_reference&SearchValue=17/ALS/0049,0.351,mixed ownership,,,,,,,,yes,,,,
http://opendatacommunities.org/id/district-council/eden,Eden District Council,17/PEN/0050,"69 Gilwilly Road, Penrith",-2.760246,54.665421,http://my.eden.gov.uk/myeden.aspx?MapSource=EDC/MyMapsEden&SearchLayer=Brownfield_Sites&SearchField=alt_site_reference&SearchValue=17/PEN/0050,0.331,not owned by a public authority,,,,,,,,yes,,,,
http://opendatacommunities.org/id/district-council/eden,Eden District Council,17/PEN/0051,"Myers Lane depot, Norfolk Road, Penrith",-2.760054,54.662404,http://my.eden.gov.uk/myeden.aspx?MapSource=EDC/MyMapsEden&SearchLayer=Brownfield_Sites&SearchField=alt_site_reference&SearchValue=17/PEN/0051,0.634,not owned by a public authority,,,,,http://eforms.eden.gov.uk/fastweb/detail.asp?AltRef=06/0132&ApplicationNumber=06%2F0132&AddressPrefix=&Postcode=&Submit=Search │ http://eforms.eden.gov.uk/fastweb/detail.asp?AltRef=06/0825&ApplicationNumber=06%2F0825&AddressPrefix=&Postcode=&Submit=Search │ http://eforms.eden.gov.uk/fastweb/detail.asp?AltRef=11/0748&ApplicationNumber=11%2F0748&AddressPrefix=&Postcode=&Submit=Search │ http://eforms.eden.gov.uk/fastweb/detail.asp?AltRef=11/1087&ApplicationNumber=11%2F1087&AddressPrefix=&Postcode=&Submit=Search │ http://eforms.eden.gov.uk/fastweb/detail.asp?AltRef=16/1101&ApplicationNumber=16%2F1101&AddressPrefix=&Postcode=&Submit=Search │ http://eforms.eden.gov.uk/fastweb/detail.asp?AltRef=17/1093&ApplicationNumber=17%2F1093&AddressPrefix=&Postcode=&Submit=Search,,,yes,,,,
http://opendatacommunities.org/id/district-council/eden,Eden District Council,17/SHA/0052,"Former Food Factory, Shap",-2.674173,54.522539,http://my.eden.gov.uk/myeden.aspx?MapSource=EDC/MyMapsEden&SearchLayer=Brownfield_Sites&SearchField=alt_site_reference&SearchValue=17/SHA/0052,0.631,not owned by a public authority,,,,,,,,,,,,
http://opendatacommunities.org/id/district-council/eden,Eden District Council,17/APP/0053,"Land at Westmorland Road, Appleby",-2.488586,54.582281,http://my.eden.gov.uk/myeden.aspx?MapSource=EDC/MyMapsEden&SearchLayer=Brownfield_Sites&SearchField=alt_site_reference&SearchValue=17/APP/0053,0.504,not owned by a public authority,,,,,,,,yes,,,,
http://opendatacommunities.org/id/district-council/eden,Eden District Council,17/APP/0054,"Land at Belgravia, off Long Marton Road, Appleby",-2.492546,54.584671,http://my.eden.gov.uk/myeden.aspx?MapSource=EDC/MyMapsEden&SearchLayer=Brownfield_Sites&SearchField=alt_site_reference&SearchValue=17/APP/0054,0.66,mixed ownership,,,,,http://eforms.eden.gov.uk/fastweb/detail.asp?AltRef=11/0300&ApplicationNumber=11%2F0300&AddressPrefix=&Postcode=&Submit=Search,,,yes,,,,
http://opendatacommunities.org/id/district-council/eden,Eden District Council,17/NOL/0057,"Biggins, Main Street, Newbiggin-on-Lune, Kirkby Stephen, CA17 4NT",-2.457167,54.441611,http://my.eden.gov.uk/myeden.aspx?MapSource=EDC/MyMapsEden&SearchLayer=Brownfield_Sites&SearchField=alt_site_reference&SearchValue=17/NOL/0057,0.03,not owned by a public authority,,,,,http://eforms.eden.gov.uk/fastweb/detail.asp?AltRef=15/0733&ApplicationNumber=15%2F0733&AddressPrefix=&Postcode=&Submit=Search,,,yes,,,,
http://opendatacommunities.org/id/district-council/eden,Eden District Council,17/LAZ/0060,"Former Egg Packing Station, Lazonby",0.211626,53.440279,http://my.eden.gov.uk/myeden.aspx?MapSource=EDC/MyMapsEden&SearchLayer=Brownfield_Sites&SearchField=alt_site_reference&SearchValue=17/LAZ/0060,0.12,not owned by a public authority,,permissioned,reserved matters approval,2014-01-09,http://eforms.eden.gov.uk/fastweb/detail.asp?AltRef=13/0882&ApplicationNumber=13%2F0882&AddressPrefix=&Postcode=&Submit=Search,,,yes,,,,
http://opendatacommunities.org/id/district-council/eden,Eden District Council,17/CUL/0073,"Lime Tree Farm, Culgaith, Penrith, CA10 1QW",-2.609928,54.660453,http://my.eden.gov.uk/myeden.aspx?MapSource=EDC/MyMapsEden&SearchLayer=Brownfield_Sites&SearchField=alt_site_reference&SearchValue=17/CUL/0073,0.76,not owned by a public authority,,,,,,,,yes,,,,
http://opendatacommunities.org/id/district-council/eden,Eden District Council,17/STA/0083,"Greystone House, Stainton, Penrith, CA11 0EF",-2.799184,54.648208,http://my.eden.gov.uk/myeden.aspx?MapSource=EDC/MyMapsEden&SearchLayer=Brownfield_Sites&SearchField=alt_site_reference&SearchValue=17/STA/0083,0.17,not owned by a public authority,,permissioned,full planning permission,2017-08-11,http://eforms.eden.gov.uk/fastweb/detail.asp?AltRef=01/0810&ApplicationNumber=01%2F0810&AddressPrefix=&Postcode=&Submit=Search │ http://eforms.eden.gov.uk/fastweb/detail.asp?AltRef=17/0246&ApplicationNumber=17%2F0246&AddressPrefix=&Postcode=&Submit=Search,,,,,,,
http://opendatacommunities.org/id/district-council/eden,Eden District Council,17/KIN/0091,"Land at Hill Top Farm, Kings Meaburn",-2.589171,54.583295,http://my.eden.gov.uk/myeden.aspx?MapSource=EDC/MyMapsEden&SearchLayer=Brownfield_Sites&SearchField=alt_site_reference&SearchValue=17/KIN/0091,0.84,not owned by a public authority,,,,,,,,,,,,
http://opendatacommunities.org/id/district-council/eden,Eden District Council,17/HBH/0099,"Highbank Hill Farmstead, High Bankhill, Kirkoswald, CA10 1EZ",-2.686633,54.77364,http://my.eden.gov.uk/myeden.aspx?MapSource=EDC/MyMapsEden&SearchLayer=Brownfield_Sites&SearchField=alt_site_reference&SearchValue=17/HBH/0099,0.2,not owned by a public authority,,,,,,,,,,,,
http://opendatacommunities.org/id/district-council/eden,Eden District Council,17/NEWS/0123,"Land at Newbiggin, Blencow Quarry, Quarry Lane, Newbiggin, CA11 0DE",-2.830389,54.664597,http://my.eden.gov.uk/myeden.aspx?MapSource=EDC/MyMapsEden&SearchLayer=Brownfield_Sites&SearchField=alt_site_reference&SearchValue=17/NEWS/0123,3.11,not owned by a public authority,,,outline planning permission,,http://eforms.eden.gov.uk/fastweb/detail.asp?AltRef=08/0731&ApplicationNumber=08%2F0731&AddressPrefix=&Postcode=&Submit=Search │ http://eforms.eden.gov.uk/fastweb/detail.asp?AltRef=09/0189&ApplicationNumber=09%2F0189&AddressPrefix=&Postcode=&Submit=Search │ http://eforms.eden.gov.uk/fastweb/detail.asp?AltRef=11/0001&ApplicationNumber=11%2F0001&AddressPrefix=&Postcode=&Submit=Search │ http://eforms.eden.gov.uk/fastweb/detail.asp?AltRef=12/0405&ApplicationNumber=12%2F0405&AddressPrefix=&Postcode=&Submit=Search │ http://eforms.eden.gov.uk/fastweb/detail.asp?AltRef=12/0795&ApplicationNumber=12%2F0795&AddressPrefix=&Postcode=&Submit=Search │ http://eforms.eden.gov.uk/fastweb/detail.asp?AltRef=17/0205&ApplicationNumber=17%2F0205&AddressPrefix=&Postcode=&Submit=Search │ http://eforms.eden.gov.uk/fastweb/detail.asp?AltRef=17/0774&ApplicationNumber=17%2F0774&AddressPrefix=&Postcode=&Submit=Search,,,yes,,,,
http://opendatacommunities.org/id/district-council/eden,Eden District Council,17/PEN/0127,"Air Cadets and Scouts Hut, Friargate, Penrith",-2.748094,54.664521,http://my.eden.gov.uk/myeden.aspx?MapSource=EDC/MyMapsEden&SearchLayer=Brownfield_Sites&SearchField=alt_site_reference&SearchValue=17/PEN/0127,0.148941,not owned by a public authority,,,,,,,,,,,,
http://opendatacommunities.org/id/district-council/eden,Eden District Council,17/PEN/0128,"Land at NBM Travel, Cromwell Road, Penrith",-2.757868,54.662994,http://my.eden.gov.uk/myeden.aspx?MapSource=EDC/MyMapsEden&SearchLayer=Brownfield_Sites&SearchField=alt_site_reference&SearchValue=17/PEN/0128,0.418342,not owned by a public authority,,,,,http://eforms.eden.gov.uk/fastweb/detail.asp?AltRef=12/0209&ApplicationNumber=12%2F0209&AddressPrefix=&Postcode=&Submit=Search,,,,,,,
http://opendatacommunities.org/id/district-council/eden,Eden District Council,17/PEN/0129,"PO Sorting Office, Crown Square, Penrith",-2.751403,54.662399,http://my.eden.gov.uk/myeden.aspx?MapSource=EDC/MyMapsEden&SearchLayer=Brownfield_Sites&SearchField=alt_site_reference&SearchValue=17/PEN/0129,0.217245,owned by a public authority,,,,,http://eforms.eden.gov.uk/fastweb/detail.asp?AltRef=07/0343&ApplicationNumber=07%2F0343&AddressPrefix=&Postcode=&Submit=Search,,,,,,,
http://opendatacommunities.org/id/district-council/eden,Eden District Council,17/PEN/0130,"Telephone Exchange, Friargate, Penrith, CA11 7XR",-2.74804,54.664078,http://my.eden.gov.uk/myeden.aspx?MapSource=EDC/MyMapsEden&SearchLayer=Brownfield_Sites&SearchField=alt_site_reference&SearchValue=17/PEN/0130,0.483729,not owned by a public authority,,,,,,,,,,,,
http://opendatacommunities.org/id/district-council/eden,Eden District Council,17/PEN/0131,"Co-op Building, Burrowgate, Penrith",-2.752232,54.66517,http://my.eden.gov.uk/myeden.aspx?MapSource=EDC/MyMapsEden&SearchLayer=Brownfield_Sites&SearchField=alt_site_reference&SearchValue=17/PEN/0131,0.186259,not owned by a public authority,,,,,http://eforms.eden.gov.uk/fastweb/detail.asp?AltRef=05/1022&ApplicationNumber=05%2F1022&AddressPrefix=&Postcode=&Submit=Search │ http://eforms.eden.gov.uk/fastweb/detail.asp?AltRef=15/0248&ApplicationNumber=15%2F0248&AddressPrefix=&Postcode=&Submit=Search │ http://eforms.eden.gov.uk/fastweb/detail.asp?AltRef=15/0249&ApplicationNumber=15%2F0249&AddressPrefix=&Postcode=&Submit=Search,,,,,,,
http://opendatacommunities.org/id/district-council/eden,Eden District Council,17/PEN/0132,"Old Fire Station, Bridge Lane, Penrith",-2.744471,54.657472,http://my.eden.gov.uk/myeden.aspx?MapSource=EDC/MyMapsEden&SearchLayer=Brownfield_Sites&SearchField=alt_site_reference&SearchValue=17/PEN/0132,0.575386,not owned by a public authority,,,,,http://eforms.eden.gov.uk/fastweb/detail.asp?AltRef=07/9001&ApplicationNumber=07%2F9001&AddressPrefix=&Postcode=&Submit=Search │ http://eforms.eden.gov.uk/fastweb/detail.asp?AltRef=10/9013&ApplicationNumber=10%2F9013&AddressPrefix=&Postcode=&Submit=Search │ http://eforms.eden.gov.uk/fastweb/detail.asp?AltRef=14/0577&ApplicationNumber=14%2F0577&AddressPrefix=&Postcode=&Submit=Search │ http://eforms.eden.gov.uk/fastweb/detail.asp?AltRef=14/0783&ApplicationNumber=14%2F0783&AddressPrefix=&Postcode=&Submit=Search,,,,,,,
http://opendatacommunities.org/id/district-council/eden,Eden District Council,17/PEN/0133,"Richardsons Timber Merchants, Scotland Road, Penrith",-2.759423,54.671034,http://my.eden.gov.uk/myeden.aspx?MapSource=EDC/MyMapsEden&SearchLayer=Brownfield_Sites&SearchField=alt_site_reference&SearchValue=17/PEN/0133,0.32074,not owned by a public authority,,,,,http://eforms.eden.gov.uk/fastweb/detail.asp?AltRef=12/0320&ApplicationNumber=12%2F0320&AddressPrefix=&Postcode=&Submit=Search │ http://eforms.eden.gov.uk/fastweb/detail.asp?AltRef=15/0779&ApplicationNumber=15%2F0779&AddressPrefix=&Postcode=&Submit=Search,,,,,,,
http://opendatacommunities.org/id/district-council/eden,Eden District Council,17/PEN/0134,"The Waverley, King Street, Penrith",-2.750363,54.662513,http://my.eden.gov.uk/myeden.aspx?MapSource=EDC/MyMapsEden&SearchLayer=Brownfield_Sites&SearchField=alt_site_reference&SearchValue=17/PEN/0134,0.014353,not owned by a public authority,,,,,http://eforms.eden.gov.uk/fastweb/detail.asp?AltRef=10/0678&ApplicationNumber=10%2F0678&AddressPrefix=&Postcode=&Submit=Search │ http://eforms.eden.gov.uk/fastweb/detail.asp?AltRef=10/0679&ApplicationNumber=10%2F0679&AddressPrefix=&Postcode=&Submit=Search,,,,,,,
http://opendatacommunities.org/id/district-council/eden,Eden District Council,17/PEN/0135,"HH Reeds Printers, Southend Road, Penrith",-2.749331,54.660689,http://my.eden.gov.uk/myeden.aspx?MapSource=EDC/MyMapsEden&SearchLayer=Brownfield_Sites&SearchField=alt_site_reference&SearchValue=17/PEN/0135,0.157979,not owned by a public authority,,,,,http://eforms.eden.gov.uk/fastweb/detail.asp?AltRef=15/1151&ApplicationNumber=15%2F1151&AddressPrefix=&Postcode=&Submit=Search,,,,,,,
http://opendatacommunities.org/id/district-council/eden,Eden District Council,17/PEN/0136,"J Williams Tile Centre, Scotland Road, Penrith",-2.759935,54.669398,http://my.eden.gov.uk/myeden.aspx?MapSource=EDC/MyMapsEden&SearchLayer=Brownfield_Sites&SearchField=alt_site_reference&SearchValue=17/PEN/0136,0.045925,not owned by a public authority,,,,,,,,,,,,
http://opendatacommunities.org/id/district-council/eden,Eden District Council,17/PEN/0137,"Richardsons Timber Merchants, Roper Street, Penrith",-2.747847,54.661237,http://my.eden.gov.uk/myeden.aspx?MapSource=EDC/MyMapsEden&SearchLayer=Brownfield_Sites&SearchField=alt_site_reference&SearchValue=17/PEN/0137,0.241137,not owned by a public authority,,,,,http://eforms.eden.gov.uk/fastweb/detail.asp?AltRef=07/0949&ApplicationNumber=07%2F0949&AddressPrefix=&Postcode=&Submit=Search,,,,,,,
http://opendatacommunities.org/id/district-council/eden,Eden District Council,17/GLA/0138,"Village Hall, Glassonby",-2.659521,54.742853,http://my.eden.gov.uk/myeden.aspx?MapSource=EDC/MyMapsEden&SearchLayer=Brownfield_Sites&SearchField=alt_site_reference&SearchValue=17/GLA/0138,0.1,not owned by a public authority,,,,,,,,yes,,,,
http://opendatacommunities.org/id/district-council/eden,Eden District Council,17/GLA/0139,"Farmyard Adjacent Midtown Farm, Glassonby",-2.657507,54.74317,http://my.eden.gov.uk/myeden.aspx?MapSource=EDC/MyMapsEden&SearchLayer=Brownfield_Sites&SearchField=alt_site_reference&SearchValue=17/GLA/0139,0.8,not owned by a public authority,,,,,,,,yes,,,,
http://opendatacommunities.org/id/district-council/eden,Eden District Council,17/CLK/0141,"Clickham Inn Units, Clickham, Blencow",-2.828166,54.670382,http://my.eden.gov.uk/myeden.aspx?MapSource=EDC/MyMapsEden&SearchLayer=Brownfield_Sites&SearchField=alt_site_reference&SearchValue=17/CLK/0141,0.454182,not owned by a public authority,,,,,,,,,,,,
http://opendatacommunities.org/id/district-council/eden,Eden District Council,17/CRA//0142,"Methodist Chapel, Crackenthorpe, Appleby, CA16 6AF",-2.534808,54.59761,http://my.eden.gov.uk/myeden.aspx?MapSource=EDC/MyMapsEden&SearchLayer=Brownfield_Sites&SearchField=alt_site_reference&SearchValue=17/CRA//0142,0.039603,not owned by a public authority,,,,,,,,yes,,,,
http://opendatacommunities.org/id/district-council/eden,Eden District Council,17/CDY/0146,"Land at Wetheriggs Pottery, Clifton Dykes, Penrith CA10 2DH",-2.690849,54.629445,http://my.eden.gov.uk/myeden.aspx?MapSource=EDC/MyMapsEden&SearchLayer=Brownfield_Sites&SearchField=alt_site_reference&SearchValue=17/CDY/0146,1.6,not owned by a public authority,,,,,,,,yes,,,,
