OrganisationURI,SiteReference,SiteNameAddress,GeoX,GeoY,SiteplanURL,Hectares,OwnershipStatus,HazardousSubstances,PlanningStatus,PermissionType,PermissionDate,PlanningHistory,NetDwellingsRangeFrom,NetDwellingsRangeTo,Deliverable,Notes,FirstAddedDate,LastUpdatedDate,EndDate
http://opendatacommunities.org/id/district-council/basildon,BAS0001,"Wickford Car Park, rear of High Street and Ladygate Centre",0.522207,51.612672,https://www.basildon.gov.uk/media/8535/BLR/pdf/BLR.pdf,0.78,owned by a public authority,,not permissioned,,,,19,19,yes,Deliverable within 4 years. 18/07/17. 24/08/18. 21/08/19.,2017-07-18,2019-08-21,
http://opendatacommunities.org/id/district-council/basildon,BAS0002,"Car park 14, Laindon Link, South West of Roundacre, SS15 5UN",0.450125,51.568506,https://www.basildon.gov.uk/media/8536/BLR/pdf/BLR.pdf,1.34,not owned by a public authority,,not permissioned,,,,28,37,yes,Deliverable within 4 years. 19/07/17. 24/08/18. 06/08/19.,2017-07-19,2019-08-06,
http://opendatacommunities.org/id/district-council/basildon,BAS0003,Land north of Dry Street (Area of Special Reserve ? Saved Policy BAS S3),0.446296,51.555185,https://www.basildon.gov.uk/media/8537/BLR/pdf/BLR.pdf,3.52,not owned by a public authority,,permissioned,reserved matters approval,2015-08-27,https://planning.basildon.gov.uk/online-applications/search.do?action=simple&searchType=Application,67,67,yes,"Permission already granted for a mixed scheme including housing which this site forms only a part of. Site area from HELAA reduced to Brownfield land only. Work commenced. 67 properties left to be built. Deliverable within 3 years. Only to be removed once completed. 19/07/17. 24/08/18. 06/08/19.. ""Reserved Matters application for Phase 1 of Nethermayne to deliver 181 new homes with associated landscaping, car parking, site streets and infrastructure together with improvements to the public highway along the length of Dry Street between the access to the site and the junction with the A176 - pursuant to Outline Planning Permission 12/01080/OUT."". https://planning.basildon.gov.uk/online-applications/search.do?action=simple&searchType=Application",2017-07-19,2019-08-06,
http://opendatacommunities.org/id/district-council/basildon,BAS0004,Thurrock and Basildon College Nethermayne Campus,0.449646,51.561401,https://www.basildon.gov.uk/media/8538/BLR/pdf/BLR.pdf,3.49,not owned by a public authority,,permissioned,reserved matters approval,2017-07-13,https://planning.basildon.gov.uk/online-applications/search.do?action=simple&searchType=Application,150,150,yes,"Permission for housing granted for which this site forms only a part of. Site area from HELAA reduced to Brownfield land only. Works have not commenced. Only to be removed once expired or completed. Permission expires 13/07/20. Deliverable within 5 years. 19/07/17. 24/08/18. 06/08/19.. ""Reserved Matters application for Phase 2 of Nethermayne to deliver 192 homes with 622 sqm of local retail space (Use Classes A1, A2, A3, A4 and A5), associated landscaping, car parking and open space, pursuant to Outline Planning Permission 12/01080/OUT."". https://planning.basildon.gov.uk/online-applications/search.do?action=simple&searchType=Application",2017-07-19,2019-08-06,
http://opendatacommunities.org/id/district-council/basildon,BAS0005,"Community Hall off Witchards and Open Space rear of 26-45 Gun Hill Place and rear of 41-58 Wickham Place, Kingswood",0.465392,51.564195,https://www.basildon.gov.uk/media/8539/BLR/pdf/BLR.pdf,0.45,owned by a public authority,,not permissioned,,,,13,20,yes,Site area from HELAA reduced to Brownfield land only. Deliverable within 4 years. 19/07/17. 24/08/18. 21/08/19.,2017-07-19,2019-08-21,
http://opendatacommunities.org/id/district-council/basildon,BAS0006,"Basildon Integrated Support Service (Lincewood County Infants School Annexe) High Road, Langdon Hills",0.422651,51.561971,https://www.basildon.gov.uk/media/8540/BLR/pdf/BLR.pdf,0.36,owned by a public authority,,not permissioned,,,,5,19,yes,Deliverable within 3 years. 19/07/17. 24/08/18. 06/08/19.,2017-07-19,2019-08-06,
http://opendatacommunities.org/id/district-council/basildon,BAS0007,"Former Fryerns School and Social Services Offices, Broadmayne, Craylands, Basildon",0.486092,51.576211,https://www.basildon.gov.uk/media/8541/BLR/pdf/BLR.pdf,2.45,owned by a public authority,,not permissioned,,,,52,82,yes,Site area from HELAA reduced to Brownfield land only. Deliverable within 5 years. 20/07/17. 24/08/18. 06/08/19.,2017-07-19,2019-08-06,
http://opendatacommunities.org/id/district-council/basildon,BAS0008,"1-31 Runwell Road, Wickford",0.523755,51.615382,https://www.basildon.gov.uk/media/8542/BLR/pdf/BLR.pdf,0.31,not owned by a public authority,,permissioned,full planning permission,2007-05-24,https://planning.basildon.gov.uk/online-applications/search.do?action=simple&searchType=Application,84,84,yes,"Site area amended to match pp. Permission for housing granted and works commenced. Only to be removed once completed. Deliverable within 3 years. 20/07/17. 24/08/18. 06/08/19.. ""Demolition of existing buildings and erection of 5 storey building containing 84 apartments with commercial units at ground floor level, vehicular access and multi storey car parking to rear."". https://planning.basildon.gov.uk/online-applications/search.do?action=simple&searchType=Application",2017-07-19,2019-08-06,
http://opendatacommunities.org/id/district-council/basildon,BAS0010,"Dipple Medical Centre and land east of Medical Centre, rear of 2-22 Gifford Green",0.505467,51.567642,https://www.basildon.gov.uk/media/8544/BLR/pdf/BLR.pdf,0.36,not owned by a public authority,,not permissioned,,,,5,19,yes,Site area from HELAA reduced to Brownfield land only. Deliverable within 3 years. 20/07/17. 24/08/18. 06/08/19.,2017-07-20,2019-08-06,
http://opendatacommunities.org/id/district-council/basildon,BAS0011,"The Wickford Education Centre, Alderney Gardens, Wickford",0.518163,51.620044,https://www.basildon.gov.uk/media/8545/BLR/pdf/BLR.pdf,0.84,owned by a public authority,,not permissioned,,,,16,23,yes,Site area from HELAA reduced to Brownfield land only. Deliverable within 4 years. 21/07/17. 24/08/18. 06/08/19,2017-07-21,2019-08-06,
http://opendatacommunities.org/id/district-council/basildon,BAS0012,"Land at 157-167 Nevendon Road, Wickford",0.516439,51.604306,https://www.basildon.gov.uk/media/8546/BLR/pdf/BLR.pdf,0.54,owned by a public authority,,permissioned,full planning permission,2017-04-24,https://planning.basildon.gov.uk/online-applications/search.do?action=simple&searchType=Application,6,6,yes,"Permission for housing granted on part of the site. Works have not commenced. Permission expires 24/04/20. Only to be removed once completed or expired. Deliverable within 1 year. 21/07/17. 24/08/18. 06/08/19.. ""Re-development of disused community hall, car parking areas and surrounding land, including removal of highway rights, to provide 4 no. two-bedroom houses and 2 no. two-bedroom flats with associated parking provision."". https://planning.basildon.gov.uk/online-applications/search.do?action=simple&searchType=Application",2017-07-21,2019-08-06,
http://opendatacommunities.org/id/district-council/basildon,BAS0013,"Laindon Town Centre/shopping centre, Laindon High Road",0.423021,51.574086,https://www.basildon.gov.uk/media/8547/BLR/pdf/BLR.pdf,5.78,not owned by a public authority,,permissioned,full planning permission,2017-10-04,https://planning.basildon.gov.uk/online-applications/search.do?action=simple&searchType=Application,224,224,,"Site area amended to match pp. Planning Permission granted. Works commenced. Only to be removed once completed. Deliverable within 6 years. 24/10/17. 24/08/18. 06/08/19.. ""Redevelopment for residential, food store, business, retail, financial & professional service, restaurants/caf‚s, drinking establishments, hot food takeaways, non-residential institutions & assembly & leisure with associated parking, access, servicing, landscaping & open spaces."". https://planning.basildon.gov.uk/online-applications/search.do?action=simple&searchType=Application",2017-07-21,2019-08-06,
http://opendatacommunities.org/id/district-council/basildon,BAS0014,"Alpha Garden Centre, London Road, Wickford",0.497056,51.611056,https://www.basildon.gov.uk/media/8548/BLR/pdf/BLR.pdf,1.94,not owned by a public authority,,not permissioned,,,,11,14,,Site area from HELAA reduced to Brownfield land only.  Deliverable within 6 years. 25/07/17. 24/08/18. 06/08/19.,2017-07-21,2019-08-06,
http://opendatacommunities.org/id/district-council/basildon,BAS0015,"Basildon zoo site, London Road, Vange",0.471136,51.554592,https://www.basildon.gov.uk/media/8549/BLR/pdf/BLR.pdf,0.88,not owned by a public authority,,not permissioned,,,,5,5,,Site area from HELAA reduced to Brownfield land only.  Deliverable within 6 years. 25/07/17. 24/08/18. 06/08/19.,2017-07-25,2019-08-06,
http://opendatacommunities.org/id/district-council/basildon,BAS0017,"Land at junction of Pound Land and Clarence Road, Basildon",0.533228,51.547026,https://www.basildon.gov.uk/media/8551/BLR/pdf/BLR.pdf,0.52,not owned by a public authority,,not permissioned,,,,5,5,,Deliverable within 6 years. 1no. existing dwelling. 26/07/17. 24/08/18. 07/08/19.,2017-07-26,2019-08-07,
http://opendatacommunities.org/id/district-council/basildon,BAS0018,"Land south of Clarence Road, Bowers Gifford, Basildon",0.533816,51.574012,https://www.basildon.gov.uk/media/8552/BLR/pdf/BLR.pdf,0.31,not owned by a public authority,,not permissioned,,,,1,1,,Deliverable within 6 years. 1no. existing dwelling. 31/07/17. 24/08/18. 07/08/19.,2017-07-31,2019-08-07,
http://opendatacommunities.org/id/district-council/basildon,BAS0019,"Land at The Elms, Cranfield Park Road, Wickford, SS12 9EP",0.526544,51.597983,https://www.basildon.gov.uk/media/8553/BLR/pdf/BLR.pdf,1.89,not owned by a public authority,,not permissioned,,,,8,8,,Deliverable within 6 years. 1no. existing dwelling. 02/08/17. 24/08/18. 07/08/19.,2017-08-02,2019-08-07,
http://opendatacommunities.org/id/district-council/basildon,BAS0021,"245 Pound Lane, Bowers Gifford",0.531807,51.576807,https://www.basildon.gov.uk/media/8555/BLR/pdf/BLR.pdf,0.38,not owned by a public authority,,not permissioned,,,,2,2,,Deliverable within 6 years. 1no. existing dwelling. LDC granted for land use. 07/08/17. 24/08/18. 07/08/19.,2017-08-07,2019-08-07,
http://opendatacommunities.org/id/district-council/basildon,BAS0023,"Roman Way, Billericay. CM12 9LJ",0.418258,51.619195,https://www.basildon.gov.uk/media/8557/BLR/pdf/BLR.pdf,0.51,owned by a public authority,,permissioned,full planning permission,2017-02-15,https://planning.basildon.gov.uk/online-applications/search.do?action=simple&searchType=Application,-15,-15,yes,"Planning Permission granted. Works have commenced. Only to be removed once completed. 30no. existing dwellings. Deliverable within 2 years. 07/08/17. 24/08/18. 06/08/19.. ""Construction of 15 no. houses comprising 9 no. two-bedroom, 2 no. three-bedroom and 4 no. four-bedroom homes, with associated parking, boundary walls and fences, landscaping, removal of highway rights and creation of a one-way access road together with parking for two coaches for use by the adjacent school."". https://planning.basildon.gov.uk/online-applications/search.do?action=simple&searchType=Application",2017-08-07,2019-08-06,
http://opendatacommunities.org/id/district-council/basildon,BAS0024,"Cedar Avenue, Wickford",0.518132,51.603317,https://www.basildon.gov.uk/media/8558/BLR/pdf/BLR.pdf,0.16,owned by a public authority,,permissioned,full planning permission,2017-04-24,https://planning.basildon.gov.uk/online-applications/search.do?action=simple&searchType=Application,4,4,yes,"Planning Permission granted. Works have not commenced and permission expires 24/04/2020. Only to be removed once completed or expired.  Deliverable within 1 year. 07/08/17. 24/08/18. 06/08/19.. ""Re-development of Thackeray Row garage site, to provide 4 no. two-bedroom houses with private amenity space and car parking provision, including the removal of highway rights."". https://planning.basildon.gov.uk/online-applications/search.do?action=simple&searchType=Application",2017-08-07,2019-08-06,
http://opendatacommunities.org/id/district-council/basildon,BAS0025,"Glenmere, Basildon. SS16 4QR",0.479708,51.554915,https://www.basildon.gov.uk/media/8559/BLR/pdf/BLR.pdf,0.13,owned by a public authority,,permissioned,full planning permission,2017-11-08,https://planning.basildon.gov.uk/online-applications/search.do?action=simple&searchType=Application,5,5,yes,"Planning permission granted. Works have commenced. Only to be removed once completed. Deliverable within 1 year. 09/11/17. 24/08/18. 06/08/19.. ""Demolition of the existing community hall and garages, and erection of four x two-bedroom dwellings and one x three-bedroom dwelling, with associated parking, boundary walls and hard landscaping; together with resurfacing of the hardstandings and creation of 10 additional parking bays on land between 33 and 37; 80 and 82; and 88 and 90 Glenmere."". https://planning.basildon.gov.uk/online-applications/search.do?action=simple&searchType=Application",2017-08-07,2019-08-06,
http://opendatacommunities.org/id/district-council/basildon,BAS0026,"Littlethorpe, Basildon. SS16 4LH",0.489033,51.56124,https://www.basildon.gov.uk/media/8560/BLR/pdf/BLR.pdf,0.51,owned by a public authority,,not permissioned,,,,7,16,yes,Deliverable within 4 years. 7no. existing dwellings. 07/08/17. 24/08/18. 21/08/19.,2017-08-07,2019-08-21,
http://opendatacommunities.org/id/district-council/basildon,BAS0027,"Pitsea Housing Office/The Place, Northlands Pavement, Basildon. SS13 3DU",0.503796,51.566913,https://www.basildon.gov.uk/media/8561/BLR/pdf/BLR.pdf,0.71,owned by a public authority,,not permissioned,,,,17,31,yes,Deliverable within 4 years. 07/08/17. 24/08/18. 21/08/19.,2017-08-07,2019-08-21,
http://opendatacommunities.org/id/district-council/basildon,BAS0028,"Swan Mead Centre, Church Road, Basildon. SS16 4AG",0.474641,51.568143,https://www.basildon.gov.uk/media/8562/BLR/pdf/BLR.pdf,0.32,owned by a public authority,,not permissioned,,,,9,10,yes,Site area from HELAA reduced to Brownfield land only. Deliverable within 4 years. 07/08/17. 24/08/18. 21/08/19.,2017-08-07,2019-08-21,
http://opendatacommunities.org/id/district-council/basildon,BAS0029,"St Chad's Church, Clay Hill Road, Basildon",0.486281,51.56031,https://www.basildon.gov.uk/media/8563/BLR/pdf/BLR.pdf,0.42,owned by a public authority,,not permissioned,,,,11,18,yes,Deliverable within 4 years. 07/08/17. 24/08/18. 21/08/19.,2017-08-07,2019-08-21,
http://opendatacommunities.org/id/district-council/basildon,BAS0030,"Garages located at Downey Close, Basildon. SS14 2NF",0.47199,51.574863,https://www.basildon.gov.uk/media/8564/BLR/pdf/BLR.pdf,0.17,owned by a public authority,,not permissioned,,,,5,5,yes,Deliverable within 3 years. 07/08/17. 31/08/18. 21/08/19.,2017-08-07,2019-08-21,
http://opendatacommunities.org/id/district-council/basildon,BAS0031,"Garages located at Great Knightleys and Swan Close, Basildon. SS15 5GE",0.441382,51.573058,https://www.basildon.gov.uk/media/8566/BLR/pdf/BLR.pdf,0.22,owned by a public authority,,not permissioned,,,,5,7,yes,Deliverable within 3 years. 07/08/17. 31/08/18. 21/08/19.,2017-08-07,2019-08-21,
http://opendatacommunities.org/id/district-council/basildon,BAS0032,"Garages to the south of 13 Falstones, Basildon. SS15 5BU",0.445631,51.571018,https://www.basildon.gov.uk/media/8565/BLR/pdf/BLR.pdf,0.19,owned by a public authority,,not permissioned,,,,4,6,yes,Deliverable within 3 years. 07/08/17. 31/08/18. 21/08/19.,2017-08-07,2019-08-21,
http://opendatacommunities.org/id/district-council/basildon,BAS0033,"Garages to the north of 84 Falstones, Basildon. SS15 5BX",0.443531,51.571421,https://www.basildon.gov.uk/media/8567/BLR/pdf/BLR.pdf,0.15,owned by a public authority,,not permissioned,,,,3,5,yes,Deliverable within 3 years. 07/08/17. 31/08/18. 21/08/19.,2017-08-07,2019-08-21,
http://opendatacommunities.org/id/district-council/basildon,BAS0034,"Garages to the north of 108 Falstones, Basildon. SS15 5DF",0.442107,51.570956,https://www.basildon.gov.uk/media/8568/BLR/pdf/BLR.pdf,0.3,owned by a public authority,,not permissioned,,,,7,10,yes,Deliverable within 3 years. 07/08/17. 31/08/18. 21/08/19.,2017-08-07,2019-08-21,
http://opendatacommunities.org/id/district-council/basildon,BAS0035,"Garages to the north of 86 Paprills, Basildon. SS16 5QX",0.441623,51.565975,https://www.basildon.gov.uk/media/8569/BLR/pdf/BLR.pdf,0.28,owned by a public authority,,not permissioned,,,,4,9,yes,Deliverable within 3 years. 07/08/17. 31/08/18. 22/08/19.,2017-08-07,2019-08-22,
http://opendatacommunities.org/id/district-council/basildon,BAS0036,"Garages north and west of 1 Cadogan Terrace, Basildon. SS13 2BD",0.515851,51.573544,https://www.basildon.gov.uk/media/8570/BLR/pdf/BLR.pdf,0.17,owned by a public authority,,not permissioned,,,,4,9,yes,Deliverable within 3 years. 07/08/17. 31/08/18. 22/08/19.,2017-08-07,2019-08-22,
http://opendatacommunities.org/id/district-council/basildon,BAS0037,"Garages to the south of 11 Culverdown, Basildon. SS14 2AL",0.458822,51.573161,https://www.basildon.gov.uk/media/8571/BLR/pdf/BLR.pdf,0.21,owned by a public authority,,not permissioned,,,,6,7,yes,Deliverable within 3 years. 07/08/17. 31/08/18. 22/08/19.,2017-08-07,2019-08-22,
http://opendatacommunities.org/id/district-council/basildon,BAS0038,"Garages to the west of 85 Great Mistley, Basildon. SS16 4BE",0.471276,51.565435,https://www.basildon.gov.uk/media/8572/BLR/pdf/BLR.pdf,0.17,owned by a public authority,,not permissioned,,,,5,9,yes,Deliverable within 3 years. 07/08/17. 31/08/18. 22/08/19.,2017-08-07,2019-08-22,
http://opendatacommunities.org/id/district-council/basildon,BAS0039,"1A Bruce Grove, Wickford, Essex.",0.539203,51.608493,https://www.basildon.gov.uk/media/8573/BLR/pdf/BLR.pdf,0.94,not owned by a public authority,,permissioned,reserved matters approval,2018-04-18,https://planning.basildon.gov.uk/online-applications/search.do?action=simple&searchType=Application,49,49,yes,"Outline and Reserved Matters permission  granted. Works have not commenced. Permission expires 18/04/2021. Only to be removed once expired or completed. Deliverable within 3 years. 05/09/17. 31/08/18. 07/08/19.. ""Reserved Matters application to approve appearance, landscaping, layout and scale pursuant to planning consent 13/00372/OUT  (Appeal Ref: APP/V1505/A/14/221175)."". https://planning.basildon.gov.uk/online-applications/search.do?action=simple&searchType=Application",2017-09-05,2019-08-07,
http://opendatacommunities.org/id/district-council/basildon,BAS0043,"Black Horse House, Bentalls, Basildon, Essex. SS14 3BY",0.456473,51.582069,https://www.basildon.gov.uk/media/8577/BLR/pdf/BLR.pdf,0.03,not owned by a public authority,,permissioned,other,2015-04-10,https://planning.basildon.gov.uk/online-applications/search.do?action=simple&searchType=Application,28,28,yes,"Prior approval granted. Works have not commenced. Only to be removed once completed or expired 04/10/2020. Deliverable within 2 years. 20/09/17. 31/08/18. 07/08/19.. ""Prior Notification of proposed development under GPDO Class J for: Change of use from B1(A) Offices to Class C3 (Dwellinghouses) of former offices at Black Horse House to 28 residential flats (use Class C3)."". https://planning.basildon.gov.uk/online-applications/search.do?action=simple&searchType=Application",2017-09-20,2019-08-07,
http://opendatacommunities.org/id/district-council/basildon,BAS0045,"Barn Farm, Cranfield Park Road, Wickford, Essex. SS12 9ES",0.529371,51.597922,https://www.basildon.gov.uk/media/8579/BLR/pdf/BLR.pdf,0.47,not owned by a public authority,,permissioned,full planning permission,2015-11-06,https://planning.basildon.gov.uk/online-applications/search.do?action=simple&searchType=Application,4,4,yes,"Planning Permission granted. Works commenced. Only to be removed once completed. Deliverable within 1 year. 06/09/17. 31/08/18. 07/08/19.. ""Removal of established use of site for motor repairs, including demolition of all outbuildings, and construction of 4 no. detached houses at land adjacent to Barn Farm."". https://planning.basildon.gov.uk/online-applications/search.do?action=simple&searchType=Application",2017-09-06,2019-08-07,
http://opendatacommunities.org/id/district-council/basildon,BAS0048,"21 Cavell Road, Billericay, Essex. CM11 2HR",0.432995,51.624071,https://www.basildon.gov.uk/media/8582/BLR/pdf/BLR.pdf,0.07,not owned by a public authority,,permissioned,full planning permission,2015-10-09,https://planning.basildon.gov.uk/online-applications/search.do?action=simple&searchType=Application,6,6,yes,"Planning Permission  granted. Works have commenced. Only to be removed once completed. Deliverable within 1 year. 20/09/17. 31/08/18. 07/08/19.. ""Conversion of 21 and 23 Cavell Road into 6 no. residential flats with the addition of a single-storey rear extension, open porches to entrance doors and alterations to provide 9 no. parking spaces within the site."". https://planning.basildon.gov.uk/online-applications/search.do?action=simple&searchType=Application",2017-09-20,2019-08-07,
http://opendatacommunities.org/id/district-council/basildon,BAS0049,"Raybourne Cottage, Rectory Road, Billericay, Essex. CM12 9UA",0.410785,51.591848,https://www.basildon.gov.uk/media/8583/BLR/pdf/BLR.pdf,0.6,not owned by a public authority,,pending decision,full planning permission,,https://planning.basildon.gov.uk/online-applications/search.do?action=simple&searchType=Application,1,1,yes,"Planning Permission has expired, new application submitted. Deliverable within 1 year. 06/09/17. 31/08/18. 22/08/19.. ""Proposed works and extension to Raybourne Cottage and construction of one detached dwelling (resubmission of application no. 15/01024/FULL"". https://planning.basildon.gov.uk/online-applications/search.do?action=simple&searchType=Application",2017-09-06,2019-08-22,
http://opendatacommunities.org/id/district-council/basildon,BAS0051,"76 High Street, Billericay, Essex. CM12 9BT",0.417832,51.62504,https://www.basildon.gov.uk/media/8585/BLR/pdf/BLR.pdf,0.08,not owned by a public authority,,permissioned,full planning permission,2019-03-13,https://planning.basildon.gov.uk/online-applications/search.do?action=simple&searchType=Application,7,7,yes,"Planning Permission  granted. Permission expires 13/03/2022. Only to be removed once expired or completed. Deliverable within 1 year. 20/09/17. 31/08/18. 07/08/19.. ""Reconfiguration and extension of existing building at 76-78 High Street to provide a retail unit (Class A1 use) at ground floor with 4 residential units above and construction of new 3 storey building to rear comprising 3 residential units, with associated works, parking and landscaping (amended scheme)."". https://planning.basildon.gov.uk/online-applications/search.do?action=simple&searchType=Application",2017-09-20,2019-08-07,
http://opendatacommunities.org/id/district-council/basildon,BAS0053,"Independant House, Radford Business Centre, Radford Way, Billericay, Essex. CM12 0BZ",0.410477,51.631559,https://www.basildon.gov.uk/media/8587/BLR/pdf/BLR.pdf,0.03,not owned by a public authority,,permissioned,other,2016-07-15,https://planning.basildon.gov.uk/online-applications/search.do?action=simple&searchType=Application,9,9,yes,"Prior approval granted. Works commenced. Only to be removed once completed. Deliverable within 1 year. 20/09/17. 31/08/18. 07/08/19.. ""Notification for prior approval for a proposed change of use of a building from Office Use (Class B1(a)) to a Dwellinghouse (Class C3) 6 x no. 1 bedroom units and 3 x no 2 bedroom units."". https://planning.basildon.gov.uk/online-applications/search.do?action=simple&searchType=Application",2017-09-20,2019-08-07,
http://opendatacommunities.org/id/district-council/basildon,BAS0054,"Craylands Estates And Former Fryerns School Site, Craylands, Basildon, Essex.",0.490931,51.577062,https://www.basildon.gov.uk/media/8588/BLR/pdf/BLR.pdf,35.51,not owned by a public authority,,permissioned,outline planning permission,2017-03-22,https://planning.basildon.gov.uk/online-applications/search.do?action=simple&searchType=Application,587,587,,"Outline and Reserved Matters Permission granted. Works commenced. Only to be removed once completed. Deliverable within 8 years. 8.1ha of total is greenfield land. Loss of net dwellings through demolitions has not been included. 21/09/17. 31/08/18. 07/08/19.. ""Re-development to provide up to 587 dwellings and  5,424 sqm of commercial floorspace with associated means of access, car parking, landscaping and other associated works and improvements."". https://planning.basildon.gov.uk/online-applications/search.do?action=simple&searchType=Application",2017-09-21,2019-08-07,
http://opendatacommunities.org/id/district-council/basildon,BAS0055,"7-8 Willowdale Centre, High Street, Wickford, Essex. SS12 0RA",0.520029,51.613573,https://www.basildon.gov.uk/media/8590/BLR/pdf/BLR.pdf,0.06,not owned by a public authority,,permissioned,full planning permission,2017-01-16,https://planning.basildon.gov.uk/online-applications/search.do?action=simple&searchType=Application,6,6,yes,"Planning Permission granted. Works commenced. Only to be removed once completed. Deliverable within 1 year. 21/09/17. 31/08/18. 07/08/19.. ""Change of use of the part ground floor and first floor of Unit 5, The Willows Centre from Class A2 (Financial and Professional Services) to Class C3 (Dwellinghouses) and the development of an additional storey to accommodate a total of six apartments, with associated cycle and refuse storage."". https://planning.basildon.gov.uk/online-applications/search.do?action=simple&searchType=Application",2017-09-21,2019-08-07,
http://opendatacommunities.org/id/district-council/basildon,BAS0056,"Garage Block, Market Avenue, Wickford, Essex.",0.519069,51.614242,https://www.basildon.gov.uk/media/8591/BLR/pdf/BLR.pdf,0.08,not owned by a public authority,,permissioned,full planning permission,2017-03-09,https://planning.basildon.gov.uk/online-applications/search.do?action=simple&searchType=Application,5,5,yes,"Planning Permission granted. Works commenced. Only to be removed once completed. Deliverable within 1 year. 21/09/17. 31/08/18. 07/08/19.. ""Redevelopment of existing garage court to provide 5 no. houses."". https://planning.basildon.gov.uk/online-applications/search.do?action=simple&searchType=Application",2017-09-21,2019-08-07,
http://opendatacommunities.org/id/district-council/basildon,BAS0057,"Ryjo, Thames View, Langdon Hills, Basildon, Essex. SS16 5LN",0.425137,51.549311,https://www.basildon.gov.uk/media/8592/BLR/pdf/BLR.pdf,0.67,not owned by a public authority,,permissioned,full planning permission,2017-01-30,https://planning.basildon.gov.uk/online-applications/search.do?action=simple&searchType=Application,-1,-1,yes,"Planning Permission granted. Works have not commenced. Permission expires 30/01/2020. Only to be removed once expired or completed. Deliverable within 1 year. 21/09/17. 31/08/18. 07/08/19.. ""Demolition of 3no. existing dwellings and associated outbuildings, and replacement with 2no. dwellings."". https://planning.basildon.gov.uk/online-applications/search.do?action=simple&searchType=Application",2017-09-21,2019-08-07,
http://opendatacommunities.org/id/district-council/basildon,BAS0058,"Superstore and Car Park, Mandeville Way, Laindon, Essex.",0.400022,51.567854,https://www.basildon.gov.uk/media/8680/BLR/pdf/BLR.pdf,2.59,not owned by a public authority,,not permissioned,,,,46,56,,Deliverable within 8 years. 14/09/18. 06/08/19.,2018-09-14,2019-08-06,
http://opendatacommunities.org/id/district-council/basildon,BAS0059,"6, 8, 10, 12, 14 & 16 Pound Lane, Basildon, Essex. SS15 5SZ",0.432931,51.578306,https://www.basildon.gov.uk/media/8681/BLR/pdf/BLR.pdf,0.25,owned by a public authority,,not permissioned,,,,2,2,,Deliverable within 6 years. Six existing dwellings with potential for 8 so net increase of 2. 14/09/18. 22/08/19.,2018-09-14,2019-08-22,
http://opendatacommunities.org/id/district-council/basildon,BAS0060,"Regent House, The Gore, Basildon, Essex. SS14 2DZ",0.455786,51.572665,https://www.basildon.gov.uk/media/8682/BLR/pdf/BLR.pdf,0.4,not owned by a public authority,,permissioned,full planning permission,2018-02-06,https://planning.basildon.gov.uk/online-applications/search.do?action=simple&searchType=Application,106,106,yes,"Planning Permission granted. Works have commenced. Only to be removed once completed. Deliverable within 5 years. 14/09/18. 07/08.19.. ""External alterations to existing building to facilitate residential use approved under 17/00336/PACU to include replacement windows, internal demolitions to create a courtyard, extension to provide eight new residential units at fifth floor level, plus provision of a new lift shaft (revised scheme to previous consent 17/00733/FULL)."". https://planning.basildon.gov.uk/online-applications/search.do?action=simple&searchType=Application",2018-09-14,2019-08-07,
http://opendatacommunities.org/id/district-council/basildon,BAS0061,"Acorn House, Great Oaks, Basildon. SS14 1AH",0.458227,51.571771,https://www.basildon.gov.uk/media/8683/BLR/pdf/BLR.pdf,0.14,not owned by a public authority,,permissioned,full planning permission,2018-03-06,https://planning.basildon.gov.uk/online-applications/search.do?action=simple&searchType=Application,62,62,yes,"Planning Permission granted. Works have not commenced. Permission expires 06/03/2021. Only to be removed once expired or completed. Deliverable within 3 years. See also BAS0072 & BAS0073 as duplicate permisions for same site. 14/09/18. 07/08/19.. ""Construction of additional floor to create 9 no. new flats and roof top plant enclosure. New and amended windows with replacement frames and new Juliet balconies."". https://planning.basildon.gov.uk/online-applications/search.do?action=simple&searchType=Application",2018-09-14,2019-08-07,
http://opendatacommunities.org/id/district-council/basildon,BAS0062,"1-4 Dunton Court, Aston Road, Laindon, Essex. SS15 6NX",0.421248,51.571547,https://www.basildon.gov.uk/media/8684/BLR/pdf/BLR.pdf,0.09,not owned by a public authority,,permissioned,other,2017-10-20,https://planning.basildon.gov.uk/online-applications/search.do?action=simple&searchType=Application,18,18,yes,"Prior Approval granted. Works have not commenced. Permission expires 20/10/2022. Only to be removed once expired or completed. Deliverable within 2 years. 14/09/18. 07/08/19.. ""Notification for prior approval under Class O of part 3 of schedule 2 of The Town and Country Planning (General Permitted Development) England Order 2015 (as amended) for a proposed change of use of a building from Office Use (Class B1(a)) to a Residential Use (Class C3) comprising 18 residential units - 9 X 1bed flats and 9 x 2bed flats."". https://planning.basildon.gov.uk/online-applications/search.do?action=simple&searchType=Application",2018-09-14,2019-08-07,
http://opendatacommunities.org/id/district-council/basildon,BAS0063,"31-33 The Broadway, Wickford, Essex. SS11 7AD",0.522599,51.614751,https://www.basildon.gov.uk/media/8685/BLR/pdf/BLR.pdf,0.07,not owned by a public authority,,permissioned,full planning permission,2017-09-04,https://planning.basildon.gov.uk/online-applications/search.do?action=simple&searchType=Application,6,6,yes,"Planning Permission granted. Works have commenced. Only to be removed once completed. Deliverable within 1 year. 14/09/18. 07/08/19.. ""Alterations and extensions to roof of existing two-storey building and construction of two-storey extension over existing rear projection to create 6 no. apartments with car parking at the rear, together with sub-division of existing Class A3 restaurant into two units."". https://planning.basildon.gov.uk/online-applications/search.do?action=simple&searchType=Application",2018-09-14,2019-08-07,
http://opendatacommunities.org/id/district-council/basildon,BAS0064,"Claremont, London Road, Pitsea, Essex. SS13 2DB",0.515684,51.566099,https://www.basildon.gov.uk/media/8686/BLR/pdf/BLR.pdf,0.16,not owned by a public authority,,permissioned,full planning permission,2017-07-13,https://planning.basildon.gov.uk/online-applications/search.do?action=simple&searchType=Application,3,3,yes,"Planning Permission granted. Works have commenced. Only to be removed once completed. Deliverable within 1 year. 20/09/18. 07/08/19.. ""Demolish existing bungalows (Claremont and Edelweiss) and outbuildings on the site, and erect two 4 bedroom detached houses, and a terrace of three 4 bedroom houses, together with new accesses onto London Road."". https://planning.basildon.gov.uk/online-applications/search.do?action=simple&searchType=Application",2018-09-20,2019-08-07,
http://opendatacommunities.org/id/district-council/basildon,BAS0065,"139 Noak Hill Road, Great Burstead, Billericay, Essex. CM12 9UJ",0.422869,51.600529,https://www.basildon.gov.uk/media/8687/BLR/pdf/BLR.pdf,0.27,not owned by a public authority,,permissioned,outline planning permission,2017-10-03,https://planning.basildon.gov.uk/online-applications/search.do?action=simple&searchType=Application,7,7,yes,"Planning Permission granted. Works have not commenced. Permission expires 03/10/2020. Only to be removed once expired or completed. Deliverable within 1 year. 20/09/18. 07/08/19.. ""Outline application for the demolition of 2 dwellings and construction of 9 two bedroom apartments with associated under-croft car parking spaces at 139 to 141 Noak Hill Road (revised scheme)."". https://planning.basildon.gov.uk/online-applications/search.do?action=simple&searchType=Application",2018-09-20,2019-08-07,
http://opendatacommunities.org/id/district-council/basildon,BAS0066,"Pilgrim House, High Street, Billericay, Essex. CM12 9XY",0.415444,51.623251,https://www.basildon.gov.uk/media/8688/BLR/pdf/BLR.pdf,0.17,not owned by a public authority,,permissioned,other,2017-07-07,https://planning.basildon.gov.uk/online-applications/search.do?action=simple&searchType=Application,17,17,yes,"Prior Approval granted. Works have not commenced. Permission expires 01/09/2022. Only to be removed once expired or completed. Deliverable within 1 year. 20/09/18. 07/08/19.. ""Notification for prior approval for a proposed change of use of a building from Office Use (Class B1(a)) to a Residential Use (Class C3) comprising 10 x 1-bedroom flats and 7 x 2-bedroom flats, with 19 car parking spaces."". https://planning.basildon.gov.uk/online-applications/search.do?action=simple&searchType=Application",2018-09-20,2019-08-07,
http://opendatacommunities.org/id/district-council/basildon,BAS0067,"Independant House, Radford Business Centre, Radford Way, Billericay, Essex. CM12 0BZ",0.410477,51.631559,https://www.basildon.gov.uk/media/8689/BLR/pdf/BLR.pdf,0.04,not owned by a public authority,,permissioned,full planning permission,2017-12-20,https://planning.basildon.gov.uk/online-applications/search.do?action=simple&searchType=Application,7,7,yes,"Planning Permission granted. Works have not commenced. Permission expires 20/12/2020. Only to be removed once expired or completed. Deliverable within 1 year. 20/09/18. 07/08/19.. ""Addition of two floors to create 7 new residential units (1no. studio flat, 5no. 1-bedroom flats and 1no. two-bedroom flat) above existing residential units (Crownage House) in recently converted former office building."". https://planning.basildon.gov.uk/online-applications/search.do?action=simple&searchType=Application",2018-09-20,2019-08-07,
http://opendatacommunities.org/id/district-council/basildon,BAS0068,"Chestnuts Service Garage, Crays Hill, Billericay, Essex. CM11 2YA",0.474195,51.603641,https://www.basildon.gov.uk/media/8690/BLR/pdf/BLR.pdf,0.1,not owned by a public authority,,permissioned,full planning permission,2018-01-23,https://planning.basildon.gov.uk/online-applications/search.do?action=simple&searchType=Application,9,9,yes,"Planning Permission granted. Works have not commenced. Permission expires 23/01/2021. Only to be removed once expired or completed. Deliverable within 1 year. 20/09/18. 07/08/19.. ""Demolition of existing MOT Centre and construction of one block of nine flats together with associated car parking and amenity."". https://planning.basildon.gov.uk/online-applications/search.do?action=simple&searchType=Application",2018-09-20,2019-08-07,
http://opendatacommunities.org/id/district-council/basildon,BAS0069,"Pembroke House, 11 Northlands Pavement, Pitsea, Essex. SS13 3DX",0.504271,51.566464,https://www.basildon.gov.uk/media/8691/BLR/pdf/BLR.pdf,0.18,not owned by a public authority,,permissioned,other,2016-06-10,https://planning.basildon.gov.uk/online-applications/search.do?action=simple&searchType=Application,32,32,yes,"Prior Approval granted. Works have not commenced. Permission expires 10/06/2021. Only to be removed once expired or completed. Deliverable within 2 years. 20/09/18. 07/08/19.. ""Notification for Prior Approval for the conversion of the existing first (in part), second and third floors of Pembroke House from office (B1) to residential (C3) to form 32 residential units."". https://planning.basildon.gov.uk/online-applications/search.do?action=simple&searchType=Application",2018-09-20,2019-08-07,
http://opendatacommunities.org/id/district-council/basildon,BAS0071,"1-29 Lower Southend Road, Wickford, Essex.",0.524594,51.614285,https://www.basildon.gov.uk/media/8693/BLR/pdf/BLR.pdf,0.34,not owned by a public authority,,permissioned,full planning permission,2010-05-14,https://planning.basildon.gov.uk/online-applications/search.do?action=simple&searchType=Application,117,117,,"Planning Permission granted. Works commenced. Only to be removed once completed. Deliverable within 6 years. 62 dwellings have been completed. 20/09/18. 07/08/19.. ""The creation of 6 additional flats, together with external and internal alterations to block 'E' (amendment to planning approval no. 05/00654/FULL for 173 no. flats, offices, retail units and restaurants, car parking, landscaping and access)."". https://planning.basildon.gov.uk/online-applications/search.do?action=simple&searchType=Application",2018-09-20,2019-08-07,
http://opendatacommunities.org/id/district-council/basildon,BAS0072,"Acorn House, Great Oaks, Basildon. SS14 1AH",0.458227,51.571771,https://www.basildon.gov.uk/media/8683/BLR/pdf/BLR.pdf,0.14,not owned by a public authority,,permissioned,other,2019-03-25,https://planning.basildon.gov.uk/online-applications/search.do?action=simple&searchType=Application,86,86,yes,"Planning Permission granted. Works have not commenced. Permission expires 25/03/2024. Only to be removed once expired or completed. Deliverable within 3 years. See also BAS0061 & BAS0073 as duplicate permisions for same site. 07/08/19.. ""Notification for prior approval for a proposed change of use of a building from Office Use (Class B1(a)) to a Residential Use (Class C3) comprising 86 apartments."". https://planning.basildon.gov.uk/online-applications/search.do?action=simple&searchType=Application",2019-08-07,2019-08-07,
http://opendatacommunities.org/id/district-council/basildon,BAS0073,"Acorn House, Great Oaks, Basildon. SS14 1AH",0.458227,51.571771,https://www.basildon.gov.uk/media/8683/BLR/pdf/BLR.pdf,0.14,not owned by a public authority,,permissioned,other,2019-03-25,https://planning.basildon.gov.uk/online-applications/search.do?action=simple&searchType=Application,76,76,yes,"Planning Permission granted. Works have not commenced. Permission expires 25/03/2024. Only to be removed once expired or completed. Deliverable within 3 years. See also BAS0061 & BAS0072 as duplicate permisions for same site. 07/08/19.. ""Notification for prior approval for a proposed change of use of a building from Office Use (Class B1(a)) to a Residential Use (Class C3) comprising of 76 apartments."". https://planning.basildon.gov.uk/online-applications/search.do?action=simple&searchType=Application",2019-08-07,2019-08-07,
http://opendatacommunities.org/id/district-council/basildon,BAS0074,"Dunton Grange, Lower Dunton Road, Brentwood, CM13 3SL",0.390963,51.575104,https://www.basildon.gov.uk/media/9722/BLR/pdf/BLR.pdf,0.67,not owned by a public authority,,not permissioned,,,,15,19,,Deliverable within 7 years. 09/08/19.,2019-08-09,2019-08-09,
http://opendatacommunities.org/id/district-council/basildon,BAS0075,"Land at Friern Farm House, Lower Dunton Road, Basildon, CM13 3SL",0.389593,51.578711,https://www.basildon.gov.uk/media/9723/BLR/pdf/BLR.pdf,0.65,not owned by a public authority,,not permissioned,,,,15,18,,Deliverable within 7 years. 09/08/19.,2019-08-09,2019-08-09,
http://opendatacommunities.org/id/district-council/basildon,BAS0076,"Unit 1, Great Oaks, SS14 1GB",0.462201,51.572137,https://www.basildon.gov.uk/media/9724/BLR/pdf/BLR.pdf,0.37,not owned by a public authority,,not permissioned,,,,90,98,,Deliverable within 7 years. 09/08/19.,2019-08-09,2019-08-09,
http://opendatacommunities.org/id/district-council/basildon,BAS0077,"Milk & More, Time Square, Southernhay, Basildon SS14 1DJ",0.45307,51.568731,https://www.basildon.gov.uk/media/9725/BLR/pdf/BLR.pdf,0.2,not owned by a public authority,,not permissioned,,,,49,53,yes,Deliverable within 5 years. 12/08/19.,2019-08-12,2019-08-12,
http://opendatacommunities.org/id/district-council/basildon,BAS0078,"28-62 East Walk and 36-44 Southernhay, Basildon SS14 1HH",0.461182,51.57036,https://www.basildon.gov.uk/media/9726/BLR/pdf/BLR.pdf,0.27,not owned by a public authority,,pending decision,full planning permission,,https://planning.basildon.gov.uk/online-applications/search.do?action=simple&searchType=Application,66,71,,"Deliverable within 6 years. 12/08/19.. ""Erection of part single, part two storey extension to form new second and third floors above 28 to 62 East Walk and 36 to 44 Southernhay to provide 37 flats comprising 24 no. 1 bed flats, 12 no. 2 bed flats and 1 no. 3 bed flat."". https://planning.basildon.gov.uk/online-applications/search.do?action=simple&searchType=Application",2019-08-12,2019-08-12,
http://opendatacommunities.org/id/district-council/basildon,BAS0079,"Four Oaks Farm, Cranfield Park Road, Wickford SS12 9LE",0.537374,51.591751,https://www.basildon.gov.uk/media/9727/BLR/pdf/BLR.pdf,0.67,not owned by a public authority,,permissioned,full planning permission,2017-07-26,https://planning.basildon.gov.uk/online-applications/search.do?action=simple&searchType=Application,4,4,yes,"Planning permission granted. Works have not commenced. Permission expires 26/07/2020. Only to be removed once expired or completed. Deliverable within 1 year. 12/08/19.. ""Revised submission following approval of 15/00994/FULL for removal of established use of site for motor repairs and storage, including demolition of all outbuildings, and construction of 4 no. detached houses on land adjacent to Four Oaks Farm (amendments to dwellings at plots 2, 3 and 4 and addition of a single-storey annex to plot 1)"". https://planning.basildon.gov.uk/online-applications/search.do?action=simple&searchType=Application",2019-08-12,2019-08-12,
http://opendatacommunities.org/id/district-council/basildon,BAS0080,"The Belvedere, Hardings Elms Road, Crays Hill CM11 2UH",0.462132,51.595413,https://www.basildon.gov.uk/media/9728/BLR/pdf/BLR.pdf,1.64,not owned by a public authority,,permissioned,full planning permission,2019-02-11,https://planning.basildon.gov.uk/online-applications/search.do?action=simple&searchType=Application,23,23,yes,"Planning permission granted. Works have not commenced. Permission expires 11/02/2022. Only to be removed once expired or completed. Deliverable within 2 years. 12/08/19.. ""Demolition of existing buildings and removal of hard-standing and redevelopment to provide 23 new dwellings, enhanced landscaping and green open space and associated infrastructure."". https://planning.basildon.gov.uk/online-applications/search.do?action=simple&searchType=Application",2019-08-12,2019-08-12,
http://opendatacommunities.org/id/district-council/basildon,BAS0081,"107 Laindon Road, Billericay CM12 9LG",0.417632,51.617202,https://www.basildon.gov.uk/media/9729/BLR/pdf/BLR.pdf,0.34,not owned by a public authority,,permissioned,full planning permission,2018-06-01,https://planning.basildon.gov.uk/online-applications/search.do?action=simple&searchType=Application,32,32,yes,"Planning permission granted. Works have commenced. To be removed once completed. Deliverable within 2 years. 12/08/19.. ""Demolition of existing house and construction of a new building to provide 32 no. 1 and 2 bedroom sheltered retirement apartments with parking, bin/buggy storage, communal space, access and landscaping."". https://planning.basildon.gov.uk/online-applications/search.do?action=simple&searchType=Application",2019-08-12,2019-08-12,
http://opendatacommunities.org/id/district-council/basildon,BAS0082,"18 High Street, Wickford SS12 9AF",0.52114,51.613028,https://www.basildon.gov.uk/media/9730/BLR/pdf/BLR.pdf,0.12,not owned by a public authority,,permissioned,full planning permission,2018-09-20,https://planning.basildon.gov.uk/online-applications/search.do?action=simple&searchType=Application,18,18,yes,"Planning permission granted. Works have not commenced. Permission expires 20/09/2021. Only to be removed once expired or completed. Deliverable within 2 years. 12/08/19.. ""Change of use of part ground floor of 18 High Street from Class A2 (financial and professional services),  part ground floor and first floor from Class B1(a) (Office), and ancillary storage space Class A1 (shop) on the first floor, to Class C3 (dwellinghouses), together with the development of a two-storey roof extension to create a total of 18 apartments, with associated cycle and refuse storage and a communal garden at 18-22 High Street, Wickford."". https://planning.basildon.gov.uk/online-applications/search.do?action=simple&searchType=Application",2019-08-12,2019-08-12,
http://opendatacommunities.org/id/district-council/basildon,BAS0083,"Phoenix Place, Christopher Martin Road, Basildon SS14 3GQ",0.495179,51.591378,https://www.basildon.gov.uk/media/9731/BLR/pdf/BLR.pdf,0.07,not owned by a public authority,,permissioned,other,2017-07-01,https://planning.basildon.gov.uk/online-applications/search.do?action=simple&searchType=Application,27,27,yes,"Prior Approval Granted. Works have not commenced. Permission expires 01/09/2022. Only to be removed once expired or completed. Deliverable within 2 years. 12/08/19.. ""Notification for prior approval under Class O of part 3 of schedule 2 of The Town and Country Planning (General Permitted Development) England Order 2015 (as amended) for a proposed change of use of a building from Office Use (Class B1(a)) to a Residential Use (Class C3) comprising 27 residential units"". https://planning.basildon.gov.uk/online-applications/search.do?action=simple&searchType=Application",2019-08-12,2019-08-12,
http://opendatacommunities.org/id/district-council/basildon,BAS0084,"Rylands Hostel, Nevendon Road, Wickford SS12 9AT",0.519695,51.610937,https://www.basildon.gov.uk/media/9732/BLR/pdf/BLR.pdf,0.18,not owned by a public authority,,permissioned,full planning permission,2018-04-11,https://planning.basildon.gov.uk/online-applications/search.do?action=simple&searchType=Application,30,30,yes,"Planning permission granted. Works have commenced. Only to be removed once completed. Deliverable within 2 years. 12/08/19.. ""Demolition of existing hostel and associated buildings and construction of a residential development comprising 2 no. four storey buildings consisting of one block with undercroft ground level parking and 3 no. residential storeys above, and one block consisting of residential and commercial space at ground level and 3 no. residential storeys above. The development would create 30 residential units comprising 9 no. 1 bedroom units and 21 no. 2 bedroom units, together with Class A1/A2/B1 commercial space, amenity space, parking and associated works."". https://planning.basildon.gov.uk/online-applications/search.do?action=simple&searchType=Application",2019-08-12,2019-08-12,
http://opendatacommunities.org/id/district-council/basildon,BAS0085,"Hawkley House, 24-26 Chapel Street, Billericay CM12 9LU",0.418191,51.624997,https://www.basildon.gov.uk/media/9733/BLR/pdf/BLR.pdf,0.05,not owned by a public authority,,permissioned,other,2018-12-19,https://planning.basildon.gov.uk/online-applications/search.do?action=simple&searchType=Application,7,7,yes,"Prior Approval granted. Works have commenced. Only to be removed once completed. Deliverable within 1 year. 12/08/19.. ""Notification for Prior Approval for a change of use of a building from office use (Class B1 (a)) to a dwellinghouse (Class C3) in accordance with the Town and Country Planning (General Permitted Development) Order 2015 Schedule 2, Part 3, Class O to create 7 residential units."". https://planning.basildon.gov.uk/online-applications/search.do?action=simple&searchType=Application",2019-08-12,2019-08-12,
http://opendatacommunities.org/id/district-council/basildon,BAS0086,"Church Walk House, Church Walk, Basildon SS14 1EH",0.456397,51.571009,https://www.basildon.gov.uk/media/9734/BLR/pdf/BLR.pdf,0.11,not owned by a public authority,,not permissioned,,,,26,29,yes,Deliverable within 5 years. 21/08/19.,2019-08-21,2019-08-21,
http://opendatacommunities.org/id/district-council/basildon,BAS0087,"Land South of London Road, Billericay",0.399414,51.624834,https://www.basildon.gov.uk/media/9735/BLR/pdf/BLR.pdf,0.99,not owned by a public authority,,not permissioned,,,,28,28,,Site area from HELAA reduced to Brownfield land only.  Deliverable within 8 years. 21/08/19.,2019-08-21,2019-08-21,
http://opendatacommunities.org/id/district-council/basildon,BAS0088,"Billericay Lawn Tennis Club, Blunts Wall Road, Billericay CM12 9SA",0.402397,51.623586,https://www.basildon.gov.uk/media/9736/BLR/pdf/BLR.pdf,0.82,not owned by a public authority,,not permissioned,,,,23,23,,Site area from HELAA reduced to Brownfield land only.  Deliverable within 8 years. 21/08/19.,2019-08-21,2019-08-21,
http://opendatacommunities.org/id/district-council/basildon,BAS0089,"Valerie Lodge, High Road, Basildon SS16 4TG",0.49435,51.562006,https://www.basildon.gov.uk/media/9737/BLR/pdf/BLR.pdf,0.08,owned by a public authority,,permissioned,full planning permission,2019-03-27,https://planning.basildon.gov.uk/online-applications/search.do?action=simple&searchType=Application,10,10,yes,"Planning permission granted. Works have commenced. Only to be removed once completed. Deliverable within 1 year. 22/08/19.. ""Construction of three storey block containing 10no. flats (3no x 2 bed flats and 7no x 1 bed flats), associated works and off street parking provision."". https://planning.basildon.gov.uk/online-applications/search.do?action=simple&searchType=Application",2019-08-22,2019-08-22,
